
 input_history 
[[0, 67, 21.476737057365405], [39, 9, 7.413821807158342], [36, 87, 23.50638004692479], [24, 12, -6.993508870453336], [38, 39, 1.7336951851742697], [24, 81, 25.535798297559666], [13, 72, -24.77224201790756], [16, 69, 16.689405056991028], [0, 82, -1.5835172835773719], [29, 19, 10.732771807137617], [39, 32, 4.921187524506429], [32, 31, -23.64554356873247], [23, 35, -18.820059400394403], [28, 34, -21.886909595672876], [36, 53, -21.01950796897901]]
最小値:97.76861835545748
入力値:[36, 53, -21.01950796897901]
経過時間:73.33012175559998sec
num_evaluation of BBF = 15.0
 input_history 
[[0, 67, 21.476737057365405], [39, 9, 7.413821807158342], [36, 87, 23.50638004692479], [24, 12, -6.993508870453336], [38, 39, 1.7336951851742697], [24, 81, 25.535798297559666], [13, 72, -24.77224201790756], [16, 69, 16.689405056991028], [0, 82, -1.5835172835773719], [29, 19, 10.732771807137617], [39, 32, 4.921187524506429], [32, 31, -23.64554356873247], [23, 35, -18.820059400394403], [28, 34, -21.886909595672876], [36, 53, -21.01950796897901]]
最小値:97.76861835545748
入力値:[36, 53, -21.01950796897901]
経過時間:67.93800735473633sec
num_evaluation of BBF = 30.0
 input_history 
[[0, 67, 21.476737057365405], [39, 9, 7.413821807158342], [36, 87, 23.50638004692479], [24, 12, -6.993508870453336], [38, 39, 1.7336951851742697], [24, 81, 25.535798297559666], [13, 72, -24.77224201790756], [16, 69, 16.689405056991028], [0, 82, -1.5835172835773719], [29, 19, 10.732771807137617], [39, 32, 4.921187524506429], [32, 31, -23.64554356873247], [23, 35, -18.820059400394403], [28, 34, -21.886909595672876], [36, 53, -21.01950796897901], [17, 79, 24.155908531764275], [31, 1, 11.857871755635891], [35, 11, -17.377046335569545], [27, 0, -11.074298944548968], [12, 42, -3.683909192260778]]
最小値:97.22866813867282
入力値:[27, 0, -11.074298944548968]
経過時間:89.64943027496338sec
num_evaluation of BBF = 50.0
 input_history 
[[0, 67, 21.476737057365405], [39, 9, 7.413821807158342], [36, 87, 23.50638004692479], [24, 12, -6.993508870453336], [38, 39, 1.7336951851742697], [24, 81, 25.535798297559666], [13, 72, -24.77224201790756], [16, 69, 16.689405056991028], [0, 82, -1.5835172835773719], [29, 19, 10.732771807137617], [39, 32, 4.921187524506429], [32, 31, -23.64554356873247], [23, 35, -18.820059400394403], [28, 34, -21.886909595672876], [36, 53, -21.01950796897901], [17, 79, 24.155908531764275], [31, 1, 11.857871755635891], [35, 11, -17.377046335569545], [27, 0, -11.074298944548968], [12, 42, -3.683909192260778], [4, 6, -23.877311355118316], [3, 76, 9.186499527923907], [14, 15, -1.5181498626952248], [23, 79, -23.37749153014169], [21, 48, -21.70902291908317], [35, 64, 9.751612017002657], [30, 0, 7.370765732800166], [36, 34, 28.316700149979944], [3, 42, 28.60566529142023], [39, 21, 14.355814763898103], [0, 10, -13.031582245415425], [23, 59, -22.876336862745354], [34, 62, -5.1442203291198005], [3, 82, 3.9113319962925175], [20, 81, 0.5381376400208673], [14, 41, 25.269456614231984], [36, 10, -13.336886323138053], [11, 2, -22.09212825573647], [32, 54, -12.635634423167936], [19, 46, 5.190776088604991], [13, 30, -21.213494236253265], [2, 3, 12.224236757394976], [13, 40, 15.366401631902455], [31, 72, 23.762303250544626], [3, 61, -3.17247728294236], [4, 67, 11.96875651905026], [22, 77, -5.290791662109317], [11, 56, -15.012223460701314], [29, 21, 27.924973231195622], [16, 60, 9.58010472416477]]
最小値:96.22621077387787
入力値:[36, 34, 28.316700149979944]
経過時間:234.68086767196655sec
num_evaluation of BBF = 100.0
 input_history 
[[0, 67, 21.476737057365405], [39, 9, 7.413821807158342], [36, 87, 23.50638004692479], [24, 12, -6.993508870453336], [38, 39, 1.7336951851742697], [24, 81, 25.535798297559666], [13, 72, -24.77224201790756], [16, 69, 16.689405056991028], [0, 82, -1.5835172835773719], [29, 19, 10.732771807137617], [39, 32, 4.921187524506429], [32, 31, -23.64554356873247], [23, 35, -18.820059400394403], [28, 34, -21.886909595672876], [36, 53, -21.01950796897901], [17, 79, 24.155908531764275], [31, 1, 11.857871755635891], [35, 11, -17.377046335569545], [27, 0, -11.074298944548968], [12, 42, -3.683909192260778], [4, 6, -23.877311355118316], [3, 76, 9.186499527923907], [14, 15, -1.5181498626952248], [23, 79, -23.37749153014169], [21, 48, -21.70902291908317], [35, 64, 9.751612017002657], [30, 0, 7.370765732800166], [36, 34, 28.316700149979944], [3, 42, 28.60566529142023], [39, 21, 14.355814763898103], [0, 10, -13.031582245415425], [23, 59, -22.876336862745354], [34, 62, -5.1442203291198005], [3, 82, 3.9113319962925175], [20, 81, 0.5381376400208673], [14, 41, 25.269456614231984], [36, 10, -13.336886323138053], [11, 2, -22.09212825573647], [32, 54, -12.635634423167936], [19, 46, 5.190776088604991], [13, 30, -21.213494236253265], [2, 3, 12.224236757394976], [13, 40, 15.366401631902455], [31, 72, 23.762303250544626], [3, 61, -3.17247728294236], [4, 67, 11.96875651905026], [22, 77, -5.290791662109317], [11, 56, -15.012223460701314], [29, 21, 27.924973231195622], [16, 60, 9.58010472416477]]
最小値:96.22621077387787
入力値:[36, 34, 28.316700149979944]
経過時間:221.7692906856537sec
num_evaluation of BBF = 150.0
 input_history 
[[0, 67, 21.476737057365405], [39, 9, 7.413821807158342], [36, 87, 23.50638004692479], [24, 12, -6.993508870453336], [38, 39, 1.7336951851742697], [24, 81, 25.535798297559666], [13, 72, -24.77224201790756], [16, 69, 16.689405056991028], [0, 82, -1.5835172835773719], [29, 19, 10.732771807137617], [39, 32, 4.921187524506429], [32, 31, -23.64554356873247], [23, 35, -18.820059400394403], [28, 34, -21.886909595672876], [36, 53, -21.01950796897901], [17, 79, 24.155908531764275], [31, 1, 11.857871755635891], [35, 11, -17.377046335569545], [27, 0, -11.074298944548968], [12, 42, -3.683909192260778], [4, 6, -23.877311355118316], [3, 76, 9.186499527923907], [14, 15, -1.5181498626952248], [23, 79, -23.37749153014169], [21, 48, -21.70902291908317], [35, 64, 9.751612017002657], [30, 0, 7.370765732800166], [36, 34, 28.316700149979944], [3, 42, 28.60566529142023], [39, 21, 14.355814763898103], [0, 10, -13.031582245415425], [23, 59, -22.876336862745354], [34, 62, -5.1442203291198005], [3, 82, 3.9113319962925175], [20, 81, 0.5381376400208673], [14, 41, 25.269456614231984], [36, 10, -13.336886323138053], [11, 2, -22.09212825573647], [32, 54, -12.635634423167936], [19, 46, 5.190776088604991], [13, 30, -21.213494236253265], [2, 3, 12.224236757394976], [13, 40, 15.366401631902455], [31, 72, 23.762303250544626], [3, 61, -3.17247728294236], [4, 67, 11.96875651905026], [22, 77, -5.290791662109317], [11, 56, -15.012223460701314], [29, 21, 27.924973231195622], [16, 60, 9.58010472416477]]
最小値:96.22621077387787
入力値:[36, 34, 28.316700149979944]
経過時間:227.92320132255554sec
num_evaluation of BBF = 200.0
 input_history 
[[37, 12, 25.953441560319526], [9, 75, 29.942430919448682], [0, 16, -6.205156362238434], [7, 6, 26.13234424836191], [20, 18, 1.4728895743722816], [28, 29, 2.0648345368210244], [4, 87, -2.567711520780705], [30, 96, 16.703354180192008], [9, 7, -11.194549310445431], [22, 57, 22.583349137762298], [17, 8, 19.776201563651014], [8, 30, 5.583931097883415], [6, 21, -5.292727261856818], [3, 68, -12.622221567251255], [12, 26, 20.077540313842377]]
最小値:89.31792347556913
入力値:[17, 8, 19.776201563651014]
経過時間:71.38202595710754sec
num_evaluation of BBF = 15.0
 input_history 
[[37, 12, 25.953441560319526], [9, 75, 29.942430919448682], [0, 16, -6.205156362238434], [7, 6, 26.13234424836191], [20, 18, 1.4728895743722816], [28, 29, 2.0648345368210244], [4, 87, -2.567711520780705], [30, 96, 16.703354180192008], [9, 7, -11.194549310445431], [22, 57, 22.583349137762298], [17, 8, 19.776201563651014], [8, 30, 5.583931097883415], [6, 21, -5.292727261856818], [3, 68, -12.622221567251255], [12, 26, 20.077540313842377]]
最小値:89.31792347556913
入力値:[17, 8, 19.776201563651014]
経過時間:68.44840002059937sec
num_evaluation of BBF = 30.0
 input_history 
[[37, 12, 25.953441560319526], [9, 75, 29.942430919448682], [0, 16, -6.205156362238434], [7, 6, 26.13234424836191], [20, 18, 1.4728895743722816], [28, 29, 2.0648345368210244], [4, 87, -2.567711520780705], [30, 96, 16.703354180192008], [9, 7, -11.194549310445431], [22, 57, 22.583349137762298], [17, 8, 19.776201563651014], [8, 30, 5.583931097883415], [6, 21, -5.292727261856818], [3, 68, -12.622221567251255], [12, 26, 20.077540313842377], [18, 15, 9.638143814280177], [25, 87, -16.67252714787751], [25, 22, 24.51573018558573], [39, 23, -22.830571921156988], [27, 37, -24.982619727178427]]
最小値:89.31792347556913
入力値:[17, 8, 19.776201563651014]
経過時間:91.86243009567261sec
num_evaluation of BBF = 50.0
 input_history 
[[37, 12, 25.953441560319526], [9, 75, 29.942430919448682], [0, 16, -6.205156362238434], [7, 6, 26.13234424836191], [20, 18, 1.4728895743722816], [28, 29, 2.0648345368210244], [4, 87, -2.567711520780705], [30, 96, 16.703354180192008], [9, 7, -11.194549310445431], [22, 57, 22.583349137762298], [17, 8, 19.776201563651014], [8, 30, 5.583931097883415], [6, 21, -5.292727261856818], [3, 68, -12.622221567251255], [12, 26, 20.077540313842377], [18, 15, 9.638143814280177], [25, 87, -16.67252714787751], [25, 22, 24.51573018558573], [39, 23, -22.830571921156988], [27, 37, -24.982619727178427], [38, 8, 24.626902907586093], [10, 23, 5.063347244275747], [23, 25, 6.836299067763342], [28, 74, -14.34126122306659], [32, 88, 2.006909436310515], [1, 77, -5.149243828385842], [13, 6, 9.827678713187332], [6, 2, 26.6756853594488], [21, 75, 24.20411491727301], [8, 75, -21.643419164954487], [20, 30, -6.139389780867987], [7, 45, 25.650514823762038], [18, 96, 13.559879121027087], [23, 81, 8.864963986400852], [24, 74, 15.79398316290731], [32, 12, 15.16730119053625], [24, 82, -0.1134558223058093], [2, 92, 26.969355522424273], [10, 54, 4.703376863227909], [18, 86, -15.778381185418338], [7, 48, -11.918370275406396], [5, 17, -20.824210646758274], [22, 13, -8.563814399850013], [33, 53, 7.401606947508164], [32, 55, 25.766234024625675], [25, 21, 29.83937102708883], [19, 25, 14.565889805225488], [13, 84, -2.1413097980617763], [6, 77, 0.49485225403734034], [15, 24, -27.041745314810534]]
最小値:89.31792347556913
入力値:[17, 8, 19.776201563651014]
経過時間:231.96483874320984sec
num_evaluation of BBF = 100.0
 input_history 
[[37, 12, 25.953441560319526], [9, 75, 29.942430919448682], [0, 16, -6.205156362238434], [7, 6, 26.13234424836191], [20, 18, 1.4728895743722816], [28, 29, 2.0648345368210244], [4, 87, -2.567711520780705], [30, 96, 16.703354180192008], [9, 7, -11.194549310445431], [22, 57, 22.583349137762298], [17, 8, 19.776201563651014], [8, 30, 5.583931097883415], [6, 21, -5.292727261856818], [3, 68, -12.622221567251255], [12, 26, 20.077540313842377], [18, 15, 9.638143814280177], [25, 87, -16.67252714787751], [25, 22, 24.51573018558573], [39, 23, -22.830571921156988], [27, 37, -24.982619727178427], [38, 8, 24.626902907586093], [10, 23, 5.063347244275747], [23, 25, 6.836299067763342], [28, 74, -14.34126122306659], [32, 88, 2.006909436310515], [1, 77, -5.149243828385842], [13, 6, 9.827678713187332], [6, 2, 26.6756853594488], [21, 75, 24.20411491727301], [8, 75, -21.643419164954487], [20, 30, -6.139389780867987], [7, 45, 25.650514823762038], [18, 96, 13.559879121027087], [23, 81, 8.864963986400852], [24, 74, 15.79398316290731], [32, 12, 15.16730119053625], [24, 82, -0.1134558223058093], [2, 92, 26.969355522424273], [10, 54, 4.703376863227909], [18, 86, -15.778381185418338], [7, 48, -11.918370275406396], [5, 17, -20.824210646758274], [22, 13, -8.563814399850013], [33, 53, 7.401606947508164], [32, 55, 25.766234024625675], [25, 21, 29.83937102708883], [19, 25, 14.565889805225488], [13, 84, -2.1413097980617763], [6, 77, 0.49485225403734034], [15, 24, -27.041745314810534]]
最小値:89.31792347556913
入力値:[17, 8, 19.776201563651014]
経過時間:229.55564832687378sec
num_evaluation of BBF = 150.0
 input_history 
[[37, 12, 25.953441560319526], [9, 75, 29.942430919448682], [0, 16, -6.205156362238434], [7, 6, 26.13234424836191], [20, 18, 1.4728895743722816], [28, 29, 2.0648345368210244], [4, 87, -2.567711520780705], [30, 96, 16.703354180192008], [9, 7, -11.194549310445431], [22, 57, 22.583349137762298], [17, 8, 19.776201563651014], [8, 30, 5.583931097883415], [6, 21, -5.292727261856818], [3, 68, -12.622221567251255], [12, 26, 20.077540313842377], [18, 15, 9.638143814280177], [25, 87, -16.67252714787751], [25, 22, 24.51573018558573], [39, 23, -22.830571921156988], [27, 37, -24.982619727178427], [38, 8, 24.626902907586093], [10, 23, 5.063347244275747], [23, 25, 6.836299067763342], [28, 74, -14.34126122306659], [32, 88, 2.006909436310515], [1, 77, -5.149243828385842], [13, 6, 9.827678713187332], [6, 2, 26.6756853594488], [21, 75, 24.20411491727301], [8, 75, -21.643419164954487], [20, 30, -6.139389780867987], [7, 45, 25.650514823762038], [18, 96, 13.559879121027087], [23, 81, 8.864963986400852], [24, 74, 15.79398316290731], [32, 12, 15.16730119053625], [24, 82, -0.1134558223058093], [2, 92, 26.969355522424273], [10, 54, 4.703376863227909], [18, 86, -15.778381185418338], [7, 48, -11.918370275406396], [5, 17, -20.824210646758274], [22, 13, -8.563814399850013], [33, 53, 7.401606947508164], [32, 55, 25.766234024625675], [25, 21, 29.83937102708883], [19, 25, 14.565889805225488], [13, 84, -2.1413097980617763], [6, 77, 0.49485225403734034], [15, 24, -27.041745314810534]]
最小値:89.31792347556913
入力値:[17, 8, 19.776201563651014]
経過時間:234.05543994903564sec
num_evaluation of BBF = 200.0
 input_history 
[[15, 72, 2.9797486727225504], [18, 75, -4.7779318747506565], [34, 49, -17.72108195772945], [21, 47, -12.02071957952861], [26, 20, 7.268029966157691], [37, 39, -21.925203279303986], [4, 42, -18.933608061185083], [39, 38, 21.238517558369324], [3, 69, 28.177944349607564], [6, 95, -4.312660344156633], [31, 66, -22.370401697923352], [12, 50, -16.689889979237762], [15, 49, -9.010422899802045], [8, 50, -1.8795849500268496], [15, 8, 9.783707583051616]]
最小値:95.56458767750422
入力値:[15, 8, 9.783707583051616]
経過時間:71.21303200721741sec
num_evaluation of BBF = 15.0
 input_history 
[[15, 72, 2.9797486727225504], [18, 75, -4.7779318747506565], [34, 49, -17.72108195772945], [21, 47, -12.02071957952861], [26, 20, 7.268029966157691], [37, 39, -21.925203279303986], [4, 42, -18.933608061185083], [39, 38, 21.238517558369324], [3, 69, 28.177944349607564], [6, 95, -4.312660344156633], [31, 66, -22.370401697923352], [12, 50, -16.689889979237762], [15, 49, -9.010422899802045], [8, 50, -1.8795849500268496], [15, 8, 9.783707583051616]]
最小値:95.56458767750422
入力値:[15, 8, 9.783707583051616]
経過時間:70.9754810333252sec
num_evaluation of BBF = 30.0
 input_history 
[[15, 72, 2.9797486727225504], [18, 75, -4.7779318747506565], [34, 49, -17.72108195772945], [21, 47, -12.02071957952861], [26, 20, 7.268029966157691], [37, 39, -21.925203279303986], [4, 42, -18.933608061185083], [39, 38, 21.238517558369324], [3, 69, 28.177944349607564], [6, 95, -4.312660344156633], [31, 66, -22.370401697923352], [12, 50, -16.689889979237762], [15, 49, -9.010422899802045], [8, 50, -1.8795849500268496], [15, 8, 9.783707583051616], [22, 73, -20.26208408986117], [26, 62, 0.0005016702130049566], [32, 26, -11.082151129628365], [12, 10, -3.7951642183920598], [9, 70, 17.892023270223213]]
最小値:95.56458767750422
入力値:[15, 8, 9.783707583051616]
経過時間:89.31066918373108sec
num_evaluation of BBF = 50.0
 input_history 
[[15, 72, 2.9797486727225504], [18, 75, -4.7779318747506565], [34, 49, -17.72108195772945], [21, 47, -12.02071957952861], [26, 20, 7.268029966157691], [37, 39, -21.925203279303986], [4, 42, -18.933608061185083], [39, 38, 21.238517558369324], [3, 69, 28.177944349607564], [6, 95, -4.312660344156633], [31, 66, -22.370401697923352], [12, 50, -16.689889979237762], [15, 49, -9.010422899802045], [8, 50, -1.8795849500268496], [15, 8, 9.783707583051616], [22, 73, -20.26208408986117], [26, 62, 0.0005016702130049566], [32, 26, -11.082151129628365], [12, 10, -3.7951642183920598], [9, 70, 17.892023270223213], [19, 56, 26.885425314162255], [4, 40, 0.9083472518362257], [6, 18, 23.29822495304883], [23, 22, 0.18073520075902394], [37, 74, 12.39252035243505], [35, 91, 27.61882392750229], [21, 43, -27.259262085275996], [6, 74, 1.045845823288154], [17, 15, 3.218030449633936], [26, 39, -6.364002302877509], [20, 22, 13.709909772731656], [36, 27, -8.27835533796927], [28, 36, -6.748594447603111], [9, 7, -8.94768592190157], [18, 1, 28.374641392489494], [32, 49, -27.492137411081398], [9, 78, -16.236842386385756], [31, 32, 5.549781767196052], [21, 43, 1.928666479134062], [21, 49, -21.962747509698538], [28, 51, 5.938798695170426], [22, 88, -16.749725096312286], [1, 43, 5.525074659982579], [7, 80, 23.708744606635932], [15, 17, 2.4114909400278535], [31, 34, 19.57498970604948], [36, 22, 20.269832875396617], [17, 45, -10.720884853046641], [9, 21, -13.353647032762549], [39, 83, 21.137337360110543]]
最小値:95.56458767750422
入力値:[15, 8, 9.783707583051616]
経過時間:225.95480346679688sec
num_evaluation of BBF = 100.0
 input_history 
[[15, 72, 2.9797486727225504], [18, 75, -4.7779318747506565], [34, 49, -17.72108195772945], [21, 47, -12.02071957952861], [26, 20, 7.268029966157691], [37, 39, -21.925203279303986], [4, 42, -18.933608061185083], [39, 38, 21.238517558369324], [3, 69, 28.177944349607564], [6, 95, -4.312660344156633], [31, 66, -22.370401697923352], [12, 50, -16.689889979237762], [15, 49, -9.010422899802045], [8, 50, -1.8795849500268496], [15, 8, 9.783707583051616], [22, 73, -20.26208408986117], [26, 62, 0.0005016702130049566], [32, 26, -11.082151129628365], [12, 10, -3.7951642183920598], [9, 70, 17.892023270223213], [19, 56, 26.885425314162255], [4, 40, 0.9083472518362257], [6, 18, 23.29822495304883], [23, 22, 0.18073520075902394], [37, 74, 12.39252035243505], [35, 91, 27.61882392750229], [21, 43, -27.259262085275996], [6, 74, 1.045845823288154], [17, 15, 3.218030449633936], [26, 39, -6.364002302877509], [20, 22, 13.709909772731656], [36, 27, -8.27835533796927], [28, 36, -6.748594447603111], [9, 7, -8.94768592190157], [18, 1, 28.374641392489494], [32, 49, -27.492137411081398], [9, 78, -16.236842386385756], [31, 32, 5.549781767196052], [21, 43, 1.928666479134062], [21, 49, -21.962747509698538], [28, 51, 5.938798695170426], [22, 88, -16.749725096312286], [1, 43, 5.525074659982579], [7, 80, 23.708744606635932], [15, 17, 2.4114909400278535], [31, 34, 19.57498970604948], [36, 22, 20.269832875396617], [17, 45, -10.720884853046641], [9, 21, -13.353647032762549], [39, 83, 21.137337360110543]]
最小値:95.56458767750422
入力値:[15, 8, 9.783707583051616]
経過時間:230.82202649116516sec
num_evaluation of BBF = 150.0
 input_history 
[[15, 72, 2.9797486727225504], [18, 75, -4.7779318747506565], [34, 49, -17.72108195772945], [21, 47, -12.02071957952861], [26, 20, 7.268029966157691], [37, 39, -21.925203279303986], [4, 42, -18.933608061185083], [39, 38, 21.238517558369324], [3, 69, 28.177944349607564], [6, 95, -4.312660344156633], [31, 66, -22.370401697923352], [12, 50, -16.689889979237762], [15, 49, -9.010422899802045], [8, 50, -1.8795849500268496], [15, 8, 9.783707583051616], [22, 73, -20.26208408986117], [26, 62, 0.0005016702130049566], [32, 26, -11.082151129628365], [12, 10, -3.7951642183920598], [9, 70, 17.892023270223213], [19, 56, 26.885425314162255], [4, 40, 0.9083472518362257], [6, 18, 23.29822495304883], [23, 22, 0.18073520075902394], [37, 74, 12.39252035243505], [35, 91, 27.61882392750229], [21, 43, -27.259262085275996], [6, 74, 1.045845823288154], [17, 15, 3.218030449633936], [26, 39, -6.364002302877509], [20, 22, 13.709909772731656], [36, 27, -8.27835533796927], [28, 36, -6.748594447603111], [9, 7, -8.94768592190157], [18, 1, 28.374641392489494], [32, 49, -27.492137411081398], [9, 78, -16.236842386385756], [31, 32, 5.549781767196052], [21, 43, 1.928666479134062], [21, 49, -21.962747509698538], [28, 51, 5.938798695170426], [22, 88, -16.749725096312286], [1, 43, 5.525074659982579], [7, 80, 23.708744606635932], [15, 17, 2.4114909400278535], [31, 34, 19.57498970604948], [36, 22, 20.269832875396617], [17, 45, -10.720884853046641], [9, 21, -13.353647032762549], [39, 83, 21.137337360110543]]
最小値:95.56458767750422
入力値:[15, 8, 9.783707583051616]
経過時間:230.46684432029724sec
num_evaluation of BBF = 200.0
 input_history 
[[24, 3, -12.54571566522334], [0, 21, 23.57681726085928], [10, 41, -17.565427311708795], [38, 96, 11.68941916370818], [29, 39, -2.8096619326722454], [26, 81, -8.76569568682243], [2, 2, 24.798086743346694], [1, 51, 28.418896016144352], [33, 29, -11.618362206307985], [7, 43, 2.6789410819106863], [15, 48, -11.618188057429215], [30, 49, -6.7217245466610755], [14, 28, -21.43696024758354], [0, 64, 18.53575222749302], [37, 56, -5.176879024470942]]
最小値:97.1120549195337
入力値:[33, 29, -11.618362206307985]
経過時間:71.33640480041504sec
num_evaluation of BBF = 15.0
 input_history 
[[24, 3, -12.54571566522334], [0, 21, 23.57681726085928], [10, 41, -17.565427311708795], [38, 96, 11.68941916370818], [29, 39, -2.8096619326722454], [26, 81, -8.76569568682243], [2, 2, 24.798086743346694], [1, 51, 28.418896016144352], [33, 29, -11.618362206307985], [7, 43, 2.6789410819106863], [15, 48, -11.618188057429215], [30, 49, -6.7217245466610755], [14, 28, -21.43696024758354], [0, 64, 18.53575222749302], [37, 56, -5.176879024470942]]
最小値:97.1120549195337
入力値:[33, 29, -11.618362206307985]
経過時間:69.02378368377686sec
num_evaluation of BBF = 30.0
 input_history 
[[24, 3, -12.54571566522334], [0, 21, 23.57681726085928], [10, 41, -17.565427311708795], [38, 96, 11.68941916370818], [29, 39, -2.8096619326722454], [26, 81, -8.76569568682243], [2, 2, 24.798086743346694], [1, 51, 28.418896016144352], [33, 29, -11.618362206307985], [7, 43, 2.6789410819106863], [15, 48, -11.618188057429215], [30, 49, -6.7217245466610755], [14, 28, -21.43696024758354], [0, 64, 18.53575222749302], [37, 56, -5.176879024470942], [37, 46, -8.306114216245312], [1, 85, -5.608805017425084], [10, 91, -2.538816040621324], [16, 32, 5.175174268069284], [18, 75, -13.321349602583922]]
最小値:97.1120549195337
入力値:[33, 29, -11.618362206307985]
経過時間:93.29166722297668sec
num_evaluation of BBF = 50.0
 input_history 
[[24, 3, -12.54571566522334], [0, 21, 23.57681726085928], [10, 41, -17.565427311708795], [38, 96, 11.68941916370818], [29, 39, -2.8096619326722454], [26, 81, -8.76569568682243], [2, 2, 24.798086743346694], [1, 51, 28.418896016144352], [33, 29, -11.618362206307985], [7, 43, 2.6789410819106863], [15, 48, -11.618188057429215], [30, 49, -6.7217245466610755], [14, 28, -21.43696024758354], [0, 64, 18.53575222749302], [37, 56, -5.176879024470942], [37, 46, -8.306114216245312], [1, 85, -5.608805017425084], [10, 91, -2.538816040621324], [16, 32, 5.175174268069284], [18, 75, -13.321349602583922], [31, 13, -17.67537932370075], [33, 52, -24.76623787315172], [2, 28, -8.25957221939268], [10, 54, -11.022928041100453], [27, 21, -9.609080162590928], [39, 29, 1.2962604068868053], [9, 33, -11.864183287616637], [24, 55, -16.16494773869556], [10, 80, -28.43842384639123], [19, 16, -25.98183456403042], [39, 50, -18.0614384221753], [1, 18, 15.12840161619085], [23, 20, 27.126074581872494], [22, 92, 2.461180401586269], [33, 43, -4.516202542159405], [28, 60, 4.27708479448534], [8, 20, -9.004486466309881], [14, 76, 23.7897996219882], [9, 26, -12.995557770457609], [5, 84, 2.722956775000945], [17, 9, -17.82734075862019], [7, 92, -18.704948927345434], [8, 26, -19.65822595599159], [30, 17, 23.213887567197986], [22, 39, -19.367197151890586], [32, 87, 23.54359125522555], [21, 51, 29.998527652379984], [28, 11, -14.567617531400916], [17, 51, 9.067366226495963], [31, 68, -13.513169670261643]]
最小値:97.1120549195337
入力値:[33, 29, -11.618362206307985]
経過時間:230.11918926239014sec
num_evaluation of BBF = 100.0
 input_history 
[[24, 3, -12.54571566522334], [0, 21, 23.57681726085928], [10, 41, -17.565427311708795], [38, 96, 11.68941916370818], [29, 39, -2.8096619326722454], [26, 81, -8.76569568682243], [2, 2, 24.798086743346694], [1, 51, 28.418896016144352], [33, 29, -11.618362206307985], [7, 43, 2.6789410819106863], [15, 48, -11.618188057429215], [30, 49, -6.7217245466610755], [14, 28, -21.43696024758354], [0, 64, 18.53575222749302], [37, 56, -5.176879024470942], [37, 46, -8.306114216245312], [1, 85, -5.608805017425084], [10, 91, -2.538816040621324], [16, 32, 5.175174268069284], [18, 75, -13.321349602583922], [31, 13, -17.67537932370075], [33, 52, -24.76623787315172], [2, 28, -8.25957221939268], [10, 54, -11.022928041100453], [27, 21, -9.609080162590928], [39, 29, 1.2962604068868053], [9, 33, -11.864183287616637], [24, 55, -16.16494773869556], [10, 80, -28.43842384639123], [19, 16, -25.98183456403042], [39, 50, -18.0614384221753], [1, 18, 15.12840161619085], [23, 20, 27.126074581872494], [22, 92, 2.461180401586269], [33, 43, -4.516202542159405], [28, 60, 4.27708479448534], [8, 20, -9.004486466309881], [14, 76, 23.7897996219882], [9, 26, -12.995557770457609], [5, 84, 2.722956775000945], [17, 9, -17.82734075862019], [7, 92, -18.704948927345434], [8, 26, -19.65822595599159], [30, 17, 23.213887567197986], [22, 39, -19.367197151890586], [32, 87, 23.54359125522555], [21, 51, 29.998527652379984], [28, 11, -14.567617531400916], [17, 51, 9.067366226495963], [31, 68, -13.513169670261643]]
最小値:97.1120549195337
入力値:[33, 29, -11.618362206307985]
経過時間:228.84006214141846sec
num_evaluation of BBF = 150.0
 input_history 
[[24, 3, -12.54571566522334], [0, 21, 23.57681726085928], [10, 41, -17.565427311708795], [38, 96, 11.68941916370818], [29, 39, -2.8096619326722454], [26, 81, -8.76569568682243], [2, 2, 24.798086743346694], [1, 51, 28.418896016144352], [33, 29, -11.618362206307985], [7, 43, 2.6789410819106863], [15, 48, -11.618188057429215], [30, 49, -6.7217245466610755], [14, 28, -21.43696024758354], [0, 64, 18.53575222749302], [37, 56, -5.176879024470942], [37, 46, -8.306114216245312], [1, 85, -5.608805017425084], [10, 91, -2.538816040621324], [16, 32, 5.175174268069284], [18, 75, -13.321349602583922], [31, 13, -17.67537932370075], [33, 52, -24.76623787315172], [2, 28, -8.25957221939268], [10, 54, -11.022928041100453], [27, 21, -9.609080162590928], [39, 29, 1.2962604068868053], [9, 33, -11.864183287616637], [24, 55, -16.16494773869556], [10, 80, -28.43842384639123], [19, 16, -25.98183456403042], [39, 50, -18.0614384221753], [1, 18, 15.12840161619085], [23, 20, 27.126074581872494], [22, 92, 2.461180401586269], [33, 43, -4.516202542159405], [28, 60, 4.27708479448534], [8, 20, -9.004486466309881], [14, 76, 23.7897996219882], [9, 26, -12.995557770457609], [5, 84, 2.722956775000945], [17, 9, -17.82734075862019], [7, 92, -18.704948927345434], [8, 26, -19.65822595599159], [30, 17, 23.213887567197986], [22, 39, -19.367197151890586], [32, 87, 23.54359125522555], [21, 51, 29.998527652379984], [28, 11, -14.567617531400916], [17, 51, 9.067366226495963], [31, 68, -13.513169670261643]]
最小値:97.1120549195337
入力値:[33, 29, -11.618362206307985]
経過時間:229.10380792617798sec
num_evaluation of BBF = 200.0
 input_history 
[[5, 1, 21.337256900138847], [8, 50, 5.853372312824199], [39, 94, 11.905214154563403], [36, 50, -29.69045108660233], [3, 0, -20.169465515718077], [21, 73, -29.4608341399467], [38, 56, -27.350396524110025], [30, 8, -28.858515345017327], [23, 32, 21.97735791490191], [33, 32, 6.044563282666161], [28, 3, 14.002810050634196], [15, 95, 22.218388589131045], [17, 81, -27.854508984883097], [12, 23, -19.156764311666677], [22, 67, -15.53768382230173]]
最小値:96.49136541869797
入力値:[36, 50, -29.69045108660233]
経過時間:70.20026755332947sec
num_evaluation of BBF = 15.0
 input_history 
[[5, 1, 21.337256900138847], [8, 50, 5.853372312824199], [39, 94, 11.905214154563403], [36, 50, -29.69045108660233], [3, 0, -20.169465515718077], [21, 73, -29.4608341399467], [38, 56, -27.350396524110025], [30, 8, -28.858515345017327], [23, 32, 21.97735791490191], [33, 32, 6.044563282666161], [28, 3, 14.002810050634196], [15, 95, 22.218388589131045], [17, 81, -27.854508984883097], [12, 23, -19.156764311666677], [22, 67, -15.53768382230173]]
最小値:96.49136541869797
入力値:[36, 50, -29.69045108660233]
経過時間:68.38514709472656sec
num_evaluation of BBF = 30.0
 input_history 
[[5, 1, 21.337256900138847], [8, 50, 5.853372312824199], [39, 94, 11.905214154563403], [36, 50, -29.69045108660233], [3, 0, -20.169465515718077], [21, 73, -29.4608341399467], [38, 56, -27.350396524110025], [30, 8, -28.858515345017327], [23, 32, 21.97735791490191], [33, 32, 6.044563282666161], [28, 3, 14.002810050634196], [15, 95, 22.218388589131045], [17, 81, -27.854508984883097], [12, 23, -19.156764311666677], [22, 67, -15.53768382230173], [11, 23, 7.959838639460251], [6, 71, -7.465453884747458], [21, 94, 3.28445177655351], [27, 59, 23.730069963368763], [8, 37, 18.654296185722828]]
最小値:96.49136541869797
入力値:[36, 50, -29.69045108660233]
経過時間:93.60818433761597sec
num_evaluation of BBF = 50.0
 input_history 
[[5, 1, 21.337256900138847], [8, 50, 5.853372312824199], [39, 94, 11.905214154563403], [36, 50, -29.69045108660233], [3, 0, -20.169465515718077], [21, 73, -29.4608341399467], [38, 56, -27.350396524110025], [30, 8, -28.858515345017327], [23, 32, 21.97735791490191], [33, 32, 6.044563282666161], [28, 3, 14.002810050634196], [15, 95, 22.218388589131045], [17, 81, -27.854508984883097], [12, 23, -19.156764311666677], [22, 67, -15.53768382230173], [11, 23, 7.959838639460251], [6, 71, -7.465453884747458], [21, 94, 3.28445177655351], [27, 59, 23.730069963368763], [8, 37, 18.654296185722828], [39, 96, 25.102982348385765], [11, 8, 22.576324679006476], [17, 78, -5.710486961345637], [4, 62, 20.80333643202944], [3, 4, 11.938861725786971], [6, 40, -25.201245726376804], [3, 53, 13.955606915398064], [17, 27, 6.213810621612382], [22, 15, -22.24879297977374], [10, 7, -27.087951814826848], [15, 59, 19.988913021081842], [0, 87, -22.2638798458694], [31, 35, 26.237488687155142], [3, 86, -1.1124035576493299], [20, 80, -19.355521045497714], [10, 41, -1.6427214500536174], [15, 41, 7.135795598645615], [34, 23, -14.344670562330268], [28, 75, 24.145311352568456], [37, 32, 7.414130364414831], [39, 5, 13.979923055759699], [24, 29, -0.709734701759519], [2, 19, 6.709308987317527], [22, 28, 15.571771749799886], [16, 51, -5.482392795006124], [27, 40, -24.591496314442526], [15, 90, 3.6881079210312535], [7, 27, -16.20618582611833], [13, 49, -24.93705509300927], [3, 12, 5.012612138669326]]
最小値:95.95157654192873
入力値:[6, 40, -25.201245726376804]
経過時間:235.91675758361816sec
num_evaluation of BBF = 100.0
 input_history 
[[5, 1, 21.337256900138847], [8, 50, 5.853372312824199], [39, 94, 11.905214154563403], [36, 50, -29.69045108660233], [3, 0, -20.169465515718077], [21, 73, -29.4608341399467], [38, 56, -27.350396524110025], [30, 8, -28.858515345017327], [23, 32, 21.97735791490191], [33, 32, 6.044563282666161], [28, 3, 14.002810050634196], [15, 95, 22.218388589131045], [17, 81, -27.854508984883097], [12, 23, -19.156764311666677], [22, 67, -15.53768382230173], [11, 23, 7.959838639460251], [6, 71, -7.465453884747458], [21, 94, 3.28445177655351], [27, 59, 23.730069963368763], [8, 37, 18.654296185722828], [39, 96, 25.102982348385765], [11, 8, 22.576324679006476], [17, 78, -5.710486961345637], [4, 62, 20.80333643202944], [3, 4, 11.938861725786971], [6, 40, -25.201245726376804], [3, 53, 13.955606915398064], [17, 27, 6.213810621612382], [22, 15, -22.24879297977374], [10, 7, -27.087951814826848], [15, 59, 19.988913021081842], [0, 87, -22.2638798458694], [31, 35, 26.237488687155142], [3, 86, -1.1124035576493299], [20, 80, -19.355521045497714], [10, 41, -1.6427214500536174], [15, 41, 7.135795598645615], [34, 23, -14.344670562330268], [28, 75, 24.145311352568456], [37, 32, 7.414130364414831], [39, 5, 13.979923055759699], [24, 29, -0.709734701759519], [2, 19, 6.709308987317527], [22, 28, 15.571771749799886], [16, 51, -5.482392795006124], [27, 40, -24.591496314442526], [15, 90, 3.6881079210312535], [7, 27, -16.20618582611833], [13, 49, -24.93705509300927], [3, 12, 5.012612138669326]]
最小値:95.95157654192873
入力値:[6, 40, -25.201245726376804]
経過時間:239.1688108444214sec
num_evaluation of BBF = 150.0
 input_history 
[[5, 1, 21.337256900138847], [8, 50, 5.853372312824199], [39, 94, 11.905214154563403], [36, 50, -29.69045108660233], [3, 0, -20.169465515718077], [21, 73, -29.4608341399467], [38, 56, -27.350396524110025], [30, 8, -28.858515345017327], [23, 32, 21.97735791490191], [33, 32, 6.044563282666161], [28, 3, 14.002810050634196], [15, 95, 22.218388589131045], [17, 81, -27.854508984883097], [12, 23, -19.156764311666677], [22, 67, -15.53768382230173], [11, 23, 7.959838639460251], [6, 71, -7.465453884747458], [21, 94, 3.28445177655351], [27, 59, 23.730069963368763], [8, 37, 18.654296185722828], [39, 96, 25.102982348385765], [11, 8, 22.576324679006476], [17, 78, -5.710486961345637], [4, 62, 20.80333643202944], [3, 4, 11.938861725786971], [6, 40, -25.201245726376804], [3, 53, 13.955606915398064], [17, 27, 6.213810621612382], [22, 15, -22.24879297977374], [10, 7, -27.087951814826848], [15, 59, 19.988913021081842], [0, 87, -22.2638798458694], [31, 35, 26.237488687155142], [3, 86, -1.1124035576493299], [20, 80, -19.355521045497714], [10, 41, -1.6427214500536174], [15, 41, 7.135795598645615], [34, 23, -14.344670562330268], [28, 75, 24.145311352568456], [37, 32, 7.414130364414831], [39, 5, 13.979923055759699], [24, 29, -0.709734701759519], [2, 19, 6.709308987317527], [22, 28, 15.571771749799886], [16, 51, -5.482392795006124], [27, 40, -24.591496314442526], [15, 90, 3.6881079210312535], [7, 27, -16.20618582611833], [13, 49, -24.93705509300927], [3, 12, 5.012612138669326]]
最小値:95.95157654192873
入力値:[6, 40, -25.201245726376804]
経過時間:233.0907998085022sec
num_evaluation of BBF = 200.0
 input_history 
[[35, 78, 22.24393837064258], [38, 16, 28.76669994968676], [36, 62, 15.95447138881893], [30, 80, -12.191969905426681], [15, 53, 8.967532994645964], [27, 44, -15.447575677196744], [1, 47, -23.345954295656178], [22, 18, -12.235204035981123], [9, 41, -0.4718400836307488], [1, 82, -29.125154934218877], [14, 5, 19.593254921241375], [16, 4, 23.544661029702205], [27, 31, -24.567078267746574], [38, 83, -17.72666721720296], [7, 30, -7.910268455009685]]
最小値:83.89366735915117
入力値:[16, 4, 23.544661029702205]
経過時間:71.89718818664551sec
num_evaluation of BBF = 15.0
 input_history 
[[35, 78, 22.24393837064258], [38, 16, 28.76669994968676], [36, 62, 15.95447138881893], [30, 80, -12.191969905426681], [15, 53, 8.967532994645964], [27, 44, -15.447575677196744], [1, 47, -23.345954295656178], [22, 18, -12.235204035981123], [9, 41, -0.4718400836307488], [1, 82, -29.125154934218877], [14, 5, 19.593254921241375], [16, 4, 23.544661029702205], [27, 31, -24.567078267746574], [38, 83, -17.72666721720296], [7, 30, -7.910268455009685]]
最小値:83.89366735915117
入力値:[16, 4, 23.544661029702205]
経過時間:69.75526428222656sec
num_evaluation of BBF = 30.0
 input_history 
[[35, 78, 22.24393837064258], [38, 16, 28.76669994968676], [36, 62, 15.95447138881893], [30, 80, -12.191969905426681], [15, 53, 8.967532994645964], [27, 44, -15.447575677196744], [1, 47, -23.345954295656178], [22, 18, -12.235204035981123], [9, 41, -0.4718400836307488], [1, 82, -29.125154934218877], [14, 5, 19.593254921241375], [16, 4, 23.544661029702205], [27, 31, -24.567078267746574], [38, 83, -17.72666721720296], [7, 30, -7.910268455009685], [3, 65, 25.538609319459383], [27, 78, 13.233574391527569], [33, 89, -18.014075641595003], [16, 94, 4.524822444985077], [31, 9, -26.1295860712477]]
最小値:83.89366735915117
入力値:[16, 4, 23.544661029702205]
経過時間:95.3316764831543sec
num_evaluation of BBF = 50.0
 input_history 
[[35, 78, 22.24393837064258], [38, 16, 28.76669994968676], [36, 62, 15.95447138881893], [30, 80, -12.191969905426681], [15, 53, 8.967532994645964], [27, 44, -15.447575677196744], [1, 47, -23.345954295656178], [22, 18, -12.235204035981123], [9, 41, -0.4718400836307488], [1, 82, -29.125154934218877], [14, 5, 19.593254921241375], [16, 4, 23.544661029702205], [27, 31, -24.567078267746574], [38, 83, -17.72666721720296], [7, 30, -7.910268455009685], [3, 65, 25.538609319459383], [27, 78, 13.233574391527569], [33, 89, -18.014075641595003], [16, 94, 4.524822444985077], [31, 9, -26.1295860712477], [16, 5, -9.508374834154626], [24, 13, -0.9041355006925187], [31, 32, -11.341204891449003], [5, 14, -26.267306522317845], [18, 0, -16.440696798267872], [22, 16, 8.121372334913588], [26, 44, 25.600956914632455], [30, 75, 19.488643226311524], [22, 52, -8.337094892171454], [27, 29, -17.101246656711677], [33, 92, 20.148849869668958], [35, 20, -15.342547982525499], [8, 32, -8.874303854017889], [28, 18, 5.009984623203394], [22, 58, 26.612404920952777], [28, 83, 29.66587424845762], [18, 36, -6.995456035973085], [32, 10, 27.666184917907792], [22, 70, -10.698188755047227], [30, 14, -8.418907607344227], [19, 64, 0.8842780200407461], [7, 12, -28.776517293110963], [8, 74, -5.316983053237408], [8, 32, 18.084091824664206], [5, 35, -18.57133359266984], [36, 0, 0.3825493151164707], [27, 65, 25.288233957550617], [1, 23, -15.53575967316129], [19, 54, -21.443011127678204], [13, 73, 26.012605128069694]]
最小値:83.89366735915117
入力値:[16, 4, 23.544661029702205]
経過時間:231.39848613739014sec
num_evaluation of BBF = 100.0
 input_history 
[[35, 78, 22.24393837064258], [38, 16, 28.76669994968676], [36, 62, 15.95447138881893], [30, 80, -12.191969905426681], [15, 53, 8.967532994645964], [27, 44, -15.447575677196744], [1, 47, -23.345954295656178], [22, 18, -12.235204035981123], [9, 41, -0.4718400836307488], [1, 82, -29.125154934218877], [14, 5, 19.593254921241375], [16, 4, 23.544661029702205], [27, 31, -24.567078267746574], [38, 83, -17.72666721720296], [7, 30, -7.910268455009685], [3, 65, 25.538609319459383], [27, 78, 13.233574391527569], [33, 89, -18.014075641595003], [16, 94, 4.524822444985077], [31, 9, -26.1295860712477], [16, 5, -9.508374834154626], [24, 13, -0.9041355006925187], [31, 32, -11.341204891449003], [5, 14, -26.267306522317845], [18, 0, -16.440696798267872], [22, 16, 8.121372334913588], [26, 44, 25.600956914632455], [30, 75, 19.488643226311524], [22, 52, -8.337094892171454], [27, 29, -17.101246656711677], [33, 92, 20.148849869668958], [35, 20, -15.342547982525499], [8, 32, -8.874303854017889], [28, 18, 5.009984623203394], [22, 58, 26.612404920952777], [28, 83, 29.66587424845762], [18, 36, -6.995456035973085], [32, 10, 27.666184917907792], [22, 70, -10.698188755047227], [30, 14, -8.418907607344227], [19, 64, 0.8842780200407461], [7, 12, -28.776517293110963], [8, 74, -5.316983053237408], [8, 32, 18.084091824664206], [5, 35, -18.57133359266984], [36, 0, 0.3825493151164707], [27, 65, 25.288233957550617], [1, 23, -15.53575967316129], [19, 54, -21.443011127678204], [13, 73, 26.012605128069694]]
最小値:83.89366735915117
入力値:[16, 4, 23.544661029702205]
経過時間:229.02239155769348sec
num_evaluation of BBF = 150.0
 input_history 
[[35, 78, 22.24393837064258], [38, 16, 28.76669994968676], [36, 62, 15.95447138881893], [30, 80, -12.191969905426681], [15, 53, 8.967532994645964], [27, 44, -15.447575677196744], [1, 47, -23.345954295656178], [22, 18, -12.235204035981123], [9, 41, -0.4718400836307488], [1, 82, -29.125154934218877], [14, 5, 19.593254921241375], [16, 4, 23.544661029702205], [27, 31, -24.567078267746574], [38, 83, -17.72666721720296], [7, 30, -7.910268455009685], [3, 65, 25.538609319459383], [27, 78, 13.233574391527569], [33, 89, -18.014075641595003], [16, 94, 4.524822444985077], [31, 9, -26.1295860712477], [16, 5, -9.508374834154626], [24, 13, -0.9041355006925187], [31, 32, -11.341204891449003], [5, 14, -26.267306522317845], [18, 0, -16.440696798267872], [22, 16, 8.121372334913588], [26, 44, 25.600956914632455], [30, 75, 19.488643226311524], [22, 52, -8.337094892171454], [27, 29, -17.101246656711677], [33, 92, 20.148849869668958], [35, 20, -15.342547982525499], [8, 32, -8.874303854017889], [28, 18, 5.009984623203394], [22, 58, 26.612404920952777], [28, 83, 29.66587424845762], [18, 36, -6.995456035973085], [32, 10, 27.666184917907792], [22, 70, -10.698188755047227], [30, 14, -8.418907607344227], [19, 64, 0.8842780200407461], [7, 12, -28.776517293110963], [8, 74, -5.316983053237408], [8, 32, 18.084091824664206], [5, 35, -18.57133359266984], [36, 0, 0.3825493151164707], [27, 65, 25.288233957550617], [1, 23, -15.53575967316129], [19, 54, -21.443011127678204], [13, 73, 26.012605128069694]]
最小値:83.89366735915117
入力値:[16, 4, 23.544661029702205]
経過時間:234.4795229434967sec
num_evaluation of BBF = 200.0
 input_history 
[[10, 73, -10.081211681929368], [15, 80, 29.101728913956315], [1, 75, 6.50841701871488], [26, 33, 7.351165931765408], [4, 33, 14.152926380921414], [12, 84, 4.731516013569426], [2, 5, 29.413456282404987], [15, 89, -5.207943911029151], [5, 49, -26.731529530658722], [16, 66, -8.574283836898221], [19, 85, 2.45621125815169], [5, 50, -5.80462207590481], [5, 70, 29.652446305316253], [10, 67, 14.391651123317736], [1, 82, 17.869576485760298]]
最小値:98.53559108042015
入力値:[5, 50, -5.80462207590481]
経過時間:69.15863561630249sec
num_evaluation of BBF = 15.0
 input_history 
[[10, 73, -10.081211681929368], [15, 80, 29.101728913956315], [1, 75, 6.50841701871488], [26, 33, 7.351165931765408], [4, 33, 14.152926380921414], [12, 84, 4.731516013569426], [2, 5, 29.413456282404987], [15, 89, -5.207943911029151], [5, 49, -26.731529530658722], [16, 66, -8.574283836898221], [19, 85, 2.45621125815169], [5, 50, -5.80462207590481], [5, 70, 29.652446305316253], [10, 67, 14.391651123317736], [1, 82, 17.869576485760298]]
最小値:98.53559108042015
入力値:[5, 50, -5.80462207590481]
経過時間:65.91328835487366sec
num_evaluation of BBF = 30.0
 input_history 
[[10, 73, -10.081211681929368], [15, 80, 29.101728913956315], [1, 75, 6.50841701871488], [26, 33, 7.351165931765408], [4, 33, 14.152926380921414], [12, 84, 4.731516013569426], [2, 5, 29.413456282404987], [15, 89, -5.207943911029151], [5, 49, -26.731529530658722], [16, 66, -8.574283836898221], [19, 85, 2.45621125815169], [5, 50, -5.80462207590481], [5, 70, 29.652446305316253], [10, 67, 14.391651123317736], [1, 82, 17.869576485760298], [24, 48, -5.85164945779362], [7, 36, 13.444234044701297], [33, 76, 29.362790896800142], [33, 15, -7.571493953978823], [21, 70, -6.097624871323006]]
最小値:98.53559108042015
入力値:[5, 50, -5.80462207590481]
経過時間:88.1453070640564sec
num_evaluation of BBF = 50.0
 input_history 
[[10, 73, -10.081211681929368], [15, 80, 29.101728913956315], [1, 75, 6.50841701871488], [26, 33, 7.351165931765408], [4, 33, 14.152926380921414], [12, 84, 4.731516013569426], [2, 5, 29.413456282404987], [15, 89, -5.207943911029151], [5, 49, -26.731529530658722], [16, 66, -8.574283836898221], [19, 85, 2.45621125815169], [5, 50, -5.80462207590481], [5, 70, 29.652446305316253], [10, 67, 14.391651123317736], [1, 82, 17.869576485760298], [24, 48, -5.85164945779362], [7, 36, 13.444234044701297], [33, 76, 29.362790896800142], [33, 15, -7.571493953978823], [21, 70, -6.097624871323006], [37, 42, -12.968436986538158], [9, 65, -1.724942115881099], [2, 25, 14.08410262281906], [4, 29, 3.604559828741138], [22, 3, 23.1158447842423], [24, 60, 23.020737550031228], [20, 82, -5.750600719636314], [6, 28, 19.555997350151017], [34, 91, -2.165361328650242], [28, 78, 25.487625897311773], [1, 17, 1.3669047490457054], [21, 50, -14.903151409771318], [13, 39, -18.20027452727237], [12, 45, -9.522204526804742], [15, 57, 20.665640227127355], [32, 76, 5.232821458544116], [23, 22, 12.627020126566613], [27, 37, -0.5779324045704222], [33, 88, -11.075785464673743], [27, 90, 3.507997093450129], [31, 71, -7.930520463953268], [5, 67, -13.41897243404166], [39, 42, 21.0536636117126], [35, 96, -19.235619267627655], [23, 45, 6.479779250057561], [35, 69, 3.676507931496076], [2, 14, 17.160351528717797], [29, 57, -0.1769414499268045], [38, 62, 19.012049786744605], [33, 86, 3.0024711429062947]]
最小値:91.18762943743144
入力値:[22, 3, 23.1158447842423]
経過時間:245.6133999824524sec
num_evaluation of BBF = 100.0
 input_history 
[[10, 73, -10.081211681929368], [15, 80, 29.101728913956315], [1, 75, 6.50841701871488], [26, 33, 7.351165931765408], [4, 33, 14.152926380921414], [12, 84, 4.731516013569426], [2, 5, 29.413456282404987], [15, 89, -5.207943911029151], [5, 49, -26.731529530658722], [16, 66, -8.574283836898221], [19, 85, 2.45621125815169], [5, 50, -5.80462207590481], [5, 70, 29.652446305316253], [10, 67, 14.391651123317736], [1, 82, 17.869576485760298], [24, 48, -5.85164945779362], [7, 36, 13.444234044701297], [33, 76, 29.362790896800142], [33, 15, -7.571493953978823], [21, 70, -6.097624871323006], [37, 42, -12.968436986538158], [9, 65, -1.724942115881099], [2, 25, 14.08410262281906], [4, 29, 3.604559828741138], [22, 3, 23.1158447842423], [24, 60, 23.020737550031228], [20, 82, -5.750600719636314], [6, 28, 19.555997350151017], [34, 91, -2.165361328650242], [28, 78, 25.487625897311773], [1, 17, 1.3669047490457054], [21, 50, -14.903151409771318], [13, 39, -18.20027452727237], [12, 45, -9.522204526804742], [15, 57, 20.665640227127355], [32, 76, 5.232821458544116], [23, 22, 12.627020126566613], [27, 37, -0.5779324045704222], [33, 88, -11.075785464673743], [27, 90, 3.507997093450129], [31, 71, -7.930520463953268], [5, 67, -13.41897243404166], [39, 42, 21.0536636117126], [35, 96, -19.235619267627655], [23, 45, 6.479779250057561], [35, 69, 3.676507931496076], [2, 14, 17.160351528717797], [29, 57, -0.1769414499268045], [38, 62, 19.012049786744605], [33, 86, 3.0024711429062947]]
最小値:91.18762943743144
入力値:[22, 3, 23.1158447842423]
経過時間:246.95553517341614sec
num_evaluation of BBF = 150.0
 input_history 
[[10, 73, -10.081211681929368], [15, 80, 29.101728913956315], [1, 75, 6.50841701871488], [26, 33, 7.351165931765408], [4, 33, 14.152926380921414], [12, 84, 4.731516013569426], [2, 5, 29.413456282404987], [15, 89, -5.207943911029151], [5, 49, -26.731529530658722], [16, 66, -8.574283836898221], [19, 85, 2.45621125815169], [5, 50, -5.80462207590481], [5, 70, 29.652446305316253], [10, 67, 14.391651123317736], [1, 82, 17.869576485760298], [24, 48, -5.85164945779362], [7, 36, 13.444234044701297], [33, 76, 29.362790896800142], [33, 15, -7.571493953978823], [21, 70, -6.097624871323006], [37, 42, -12.968436986538158], [9, 65, -1.724942115881099], [2, 25, 14.08410262281906], [4, 29, 3.604559828741138], [22, 3, 23.1158447842423], [24, 60, 23.020737550031228], [20, 82, -5.750600719636314], [6, 28, 19.555997350151017], [34, 91, -2.165361328650242], [28, 78, 25.487625897311773], [1, 17, 1.3669047490457054], [21, 50, -14.903151409771318], [13, 39, -18.20027452727237], [12, 45, -9.522204526804742], [15, 57, 20.665640227127355], [32, 76, 5.232821458544116], [23, 22, 12.627020126566613], [27, 37, -0.5779324045704222], [33, 88, -11.075785464673743], [27, 90, 3.507997093450129], [31, 71, -7.930520463953268], [5, 67, -13.41897243404166], [39, 42, 21.0536636117126], [35, 96, -19.235619267627655], [23, 45, 6.479779250057561], [35, 69, 3.676507931496076], [2, 14, 17.160351528717797], [29, 57, -0.1769414499268045], [38, 62, 19.012049786744605], [33, 86, 3.0024711429062947]]
最小値:91.18762943743144
入力値:[22, 3, 23.1158447842423]
経過時間:237.06402730941772sec
num_evaluation of BBF = 200.0
 input_history 
[[4, 25, -10.861666453595806], [19, 23, -2.6649052003072917], [14, 23, 0.06722781959627255], [26, 8, -0.007049950466402777], [4, 48, 18.22434216626253], [0, 75, 10.459825376337285], [6, 19, 11.641894525312786], [5, 56, 25.872361181341304], [0, 34, -16.18182725874211], [14, 38, 24.54770249320388], [9, 87, 1.4047548404259516], [8, 83, 10.140794453034829], [0, 16, -17.709054582132296], [29, 44, -7.65691863689646], [7, 23, -8.04657685316442]]
最小値:97.57899134991612
入力値:[5, 56, 25.872361181341304]
経過時間:73.5844087600708sec
num_evaluation of BBF = 15.0
 input_history 
[[4, 25, -10.861666453595806], [19, 23, -2.6649052003072917], [14, 23, 0.06722781959627255], [26, 8, -0.007049950466402777], [4, 48, 18.22434216626253], [0, 75, 10.459825376337285], [6, 19, 11.641894525312786], [5, 56, 25.872361181341304], [0, 34, -16.18182725874211], [14, 38, 24.54770249320388], [9, 87, 1.4047548404259516], [8, 83, 10.140794453034829], [0, 16, -17.709054582132296], [29, 44, -7.65691863689646], [7, 23, -8.04657685316442]]
最小値:97.57899134991612
入力値:[5, 56, 25.872361181341304]
経過時間:70.52221012115479sec
num_evaluation of BBF = 30.0
 input_history 
[[4, 25, -10.861666453595806], [19, 23, -2.6649052003072917], [14, 23, 0.06722781959627255], [26, 8, -0.007049950466402777], [4, 48, 18.22434216626253], [0, 75, 10.459825376337285], [6, 19, 11.641894525312786], [5, 56, 25.872361181341304], [0, 34, -16.18182725874211], [14, 38, 24.54770249320388], [9, 87, 1.4047548404259516], [8, 83, 10.140794453034829], [0, 16, -17.709054582132296], [29, 44, -7.65691863689646], [7, 23, -8.04657685316442], [35, 64, 16.11885039117056], [23, 92, 4.357519958637241], [21, 35, 2.8341075865827605], [27, 19, 25.259612407874897], [19, 33, -4.8745664598084275]]
最小値:97.57899134991612
入力値:[5, 56, 25.872361181341304]
経過時間:99.88901352882385sec
num_evaluation of BBF = 50.0
 input_history 
[[4, 25, -10.861666453595806], [19, 23, -2.6649052003072917], [14, 23, 0.06722781959627255], [26, 8, -0.007049950466402777], [4, 48, 18.22434216626253], [0, 75, 10.459825376337285], [6, 19, 11.641894525312786], [5, 56, 25.872361181341304], [0, 34, -16.18182725874211], [14, 38, 24.54770249320388], [9, 87, 1.4047548404259516], [8, 83, 10.140794453034829], [0, 16, -17.709054582132296], [29, 44, -7.65691863689646], [7, 23, -8.04657685316442], [35, 64, 16.11885039117056], [23, 92, 4.357519958637241], [21, 35, 2.8341075865827605], [27, 19, 25.259612407874897], [19, 33, -4.8745664598084275], [37, 73, -19.172902847839104], [31, 2, 0.2373086332322174], [18, 21, 9.418338919985082], [11, 58, -5.688056498128084], [12, 93, -3.62992120859278], [9, 76, 11.077735437226494], [14, 20, 10.97483126252505], [15, 59, -11.468838908172174], [4, 43, -15.892775564552142], [23, 77, -1.6605602226958638], [3, 29, -22.133361459125165], [15, 29, -2.220216350734976], [38, 70, -5.8566909416573765], [27, 7, 0.11540934045292062], [5, 52, 27.080168462500765], [29, 26, 1.1929011828752003], [22, 12, -23.39966812999683], [34, 59, -0.12485330375033143], [29, 17, -15.783705693190184], [12, 92, -19.45323684956389], [37, 73, 20.497778421855372], [4, 91, 8.446863622629074], [11, 6, -1.616651499496605], [21, 85, 26.614632278615723], [28, 56, -27.50561990385014], [12, 76, -19.294454714541068], [7, 85, 26.375565404668222], [38, 15, 18.797776225702798], [18, 63, 5.203255239937874], [5, 35, 18.73935083915174]]
最小値:94.26407552478376
入力値:[5, 52, 27.080168462500765]
経過時間:238.5371172428131sec
num_evaluation of BBF = 100.0
 input_history 
[[4, 25, -10.861666453595806], [19, 23, -2.6649052003072917], [14, 23, 0.06722781959627255], [26, 8, -0.007049950466402777], [4, 48, 18.22434216626253], [0, 75, 10.459825376337285], [6, 19, 11.641894525312786], [5, 56, 25.872361181341304], [0, 34, -16.18182725874211], [14, 38, 24.54770249320388], [9, 87, 1.4047548404259516], [8, 83, 10.140794453034829], [0, 16, -17.709054582132296], [29, 44, -7.65691863689646], [7, 23, -8.04657685316442], [35, 64, 16.11885039117056], [23, 92, 4.357519958637241], [21, 35, 2.8341075865827605], [27, 19, 25.259612407874897], [19, 33, -4.8745664598084275], [37, 73, -19.172902847839104], [31, 2, 0.2373086332322174], [18, 21, 9.418338919985082], [11, 58, -5.688056498128084], [12, 93, -3.62992120859278], [9, 76, 11.077735437226494], [14, 20, 10.97483126252505], [15, 59, -11.468838908172174], [4, 43, -15.892775564552142], [23, 77, -1.6605602226958638], [3, 29, -22.133361459125165], [15, 29, -2.220216350734976], [38, 70, -5.8566909416573765], [27, 7, 0.11540934045292062], [5, 52, 27.080168462500765], [29, 26, 1.1929011828752003], [22, 12, -23.39966812999683], [34, 59, -0.12485330375033143], [29, 17, -15.783705693190184], [12, 92, -19.45323684956389], [37, 73, 20.497778421855372], [4, 91, 8.446863622629074], [11, 6, -1.616651499496605], [21, 85, 26.614632278615723], [28, 56, -27.50561990385014], [12, 76, -19.294454714541068], [7, 85, 26.375565404668222], [38, 15, 18.797776225702798], [18, 63, 5.203255239937874], [5, 35, 18.73935083915174]]
最小値:94.26407552478376
入力値:[5, 52, 27.080168462500765]
経過時間:239.78107357025146sec
num_evaluation of BBF = 150.0
 input_history 
[[4, 25, -10.861666453595806], [19, 23, -2.6649052003072917], [14, 23, 0.06722781959627255], [26, 8, -0.007049950466402777], [4, 48, 18.22434216626253], [0, 75, 10.459825376337285], [6, 19, 11.641894525312786], [5, 56, 25.872361181341304], [0, 34, -16.18182725874211], [14, 38, 24.54770249320388], [9, 87, 1.4047548404259516], [8, 83, 10.140794453034829], [0, 16, -17.709054582132296], [29, 44, -7.65691863689646], [7, 23, -8.04657685316442], [35, 64, 16.11885039117056], [23, 92, 4.357519958637241], [21, 35, 2.8341075865827605], [27, 19, 25.259612407874897], [19, 33, -4.8745664598084275], [37, 73, -19.172902847839104], [31, 2, 0.2373086332322174], [18, 21, 9.418338919985082], [11, 58, -5.688056498128084], [12, 93, -3.62992120859278], [9, 76, 11.077735437226494], [14, 20, 10.97483126252505], [15, 59, -11.468838908172174], [4, 43, -15.892775564552142], [23, 77, -1.6605602226958638], [3, 29, -22.133361459125165], [15, 29, -2.220216350734976], [38, 70, -5.8566909416573765], [27, 7, 0.11540934045292062], [5, 52, 27.080168462500765], [29, 26, 1.1929011828752003], [22, 12, -23.39966812999683], [34, 59, -0.12485330375033143], [29, 17, -15.783705693190184], [12, 92, -19.45323684956389], [37, 73, 20.497778421855372], [4, 91, 8.446863622629074], [11, 6, -1.616651499496605], [21, 85, 26.614632278615723], [28, 56, -27.50561990385014], [12, 76, -19.294454714541068], [7, 85, 26.375565404668222], [38, 15, 18.797776225702798], [18, 63, 5.203255239937874], [5, 35, 18.73935083915174]]
最小値:94.26407552478376
入力値:[5, 52, 27.080168462500765]
経過時間:245.43351531028748sec
num_evaluation of BBF = 200.0
 input_history 
[[3, 84, 28.11243976925592], [5, 90, 1.8513414933359371], [21, 60, -5.85891839775811], [10, 27, -1.2964922518558524], [9, 61, 2.603161052552423], [34, 59, 12.742474444925477], [38, 93, -4.434493771428471], [4, 53, 22.48895347138079], [26, 66, 28.972232793206025], [37, 81, -25.743429314988077], [28, 91, -6.381905103383705], [22, 31, -9.272303280127975], [21, 72, -28.276077062202276], [31, 47, -7.142466647768821], [7, 45, 26.328234798646307]]
最小値:97.61489618262958
入力値:[7, 45, 26.328234798646307]
経過時間:70.55395555496216sec
num_evaluation of BBF = 15.0
 input_history 
[[3, 84, 28.11243976925592], [5, 90, 1.8513414933359371], [21, 60, -5.85891839775811], [10, 27, -1.2964922518558524], [9, 61, 2.603161052552423], [34, 59, 12.742474444925477], [38, 93, -4.434493771428471], [4, 53, 22.48895347138079], [26, 66, 28.972232793206025], [37, 81, -25.743429314988077], [28, 91, -6.381905103383705], [22, 31, -9.272303280127975], [21, 72, -28.276077062202276], [31, 47, -7.142466647768821], [7, 45, 26.328234798646307]]
最小値:97.61489618262958
入力値:[7, 45, 26.328234798646307]
経過時間:75.14510297775269sec
num_evaluation of BBF = 30.0
 input_history 
[[3, 84, 28.11243976925592], [5, 90, 1.8513414933359371], [21, 60, -5.85891839775811], [10, 27, -1.2964922518558524], [9, 61, 2.603161052552423], [34, 59, 12.742474444925477], [38, 93, -4.434493771428471], [4, 53, 22.48895347138079], [26, 66, 28.972232793206025], [37, 81, -25.743429314988077], [28, 91, -6.381905103383705], [22, 31, -9.272303280127975], [21, 72, -28.276077062202276], [31, 47, -7.142466647768821], [7, 45, 26.328234798646307], [7, 95, -4.0514440325750485], [25, 60, -26.17470340211445], [4, 37, 8.926239432533599], [18, 38, 11.2164299333132], [39, 46, 17.410352480297135]]
最小値:97.30858363374614
入力値:[39, 46, 17.410352480297135]
経過時間:95.11446857452393sec
num_evaluation of BBF = 50.0
 input_history 
[[3, 84, 28.11243976925592], [5, 90, 1.8513414933359371], [21, 60, -5.85891839775811], [10, 27, -1.2964922518558524], [9, 61, 2.603161052552423], [34, 59, 12.742474444925477], [38, 93, -4.434493771428471], [4, 53, 22.48895347138079], [26, 66, 28.972232793206025], [37, 81, -25.743429314988077], [28, 91, -6.381905103383705], [22, 31, -9.272303280127975], [21, 72, -28.276077062202276], [31, 47, -7.142466647768821], [7, 45, 26.328234798646307], [7, 95, -4.0514440325750485], [25, 60, -26.17470340211445], [4, 37, 8.926239432533599], [18, 38, 11.2164299333132], [39, 46, 17.410352480297135], [31, 32, 5.0378726100580025], [7, 9, -7.547579174560678], [19, 59, -17.08093203163523], [16, 78, 13.360063031488707], [20, 87, 14.256151733882831], [6, 28, 0.6348273151962189], [19, 75, -29.195634096311153], [28, 72, -13.729535297381748], [14, 39, 26.563809750842445], [15, 28, 19.366945229851588], [16, 74, 0.6349348009309459], [2, 70, 13.240680688789311], [19, 8, -17.79541367088057], [22, 76, 18.879696649434194], [35, 29, 19.136134621955172], [0, 48, 26.3522481614323], [6, 39, -19.274579059927945], [32, 24, 3.7370030376980097], [14, 77, 18.398780112793546], [10, 2, -21.696917597034584], [2, 12, -29.50149753404578], [7, 7, 0.12464355812930705], [10, 35, -9.757941730339546], [17, 70, 10.67806437172888], [4, 40, -24.262298321946812], [22, 44, 29.336336427625334], [3, 29, 18.5097878300934], [25, 6, 1.757547138499806], [10, 58, -22.539870114856967], [12, 86, -0.28672076600220464]]
最小値:97.30858363374614
入力値:[39, 46, 17.410352480297135]
経過時間:243.17143440246582sec
num_evaluation of BBF = 100.0
 input_history 
[[3, 84, 28.11243976925592], [5, 90, 1.8513414933359371], [21, 60, -5.85891839775811], [10, 27, -1.2964922518558524], [9, 61, 2.603161052552423], [34, 59, 12.742474444925477], [38, 93, -4.434493771428471], [4, 53, 22.48895347138079], [26, 66, 28.972232793206025], [37, 81, -25.743429314988077], [28, 91, -6.381905103383705], [22, 31, -9.272303280127975], [21, 72, -28.276077062202276], [31, 47, -7.142466647768821], [7, 45, 26.328234798646307], [7, 95, -4.0514440325750485], [25, 60, -26.17470340211445], [4, 37, 8.926239432533599], [18, 38, 11.2164299333132], [39, 46, 17.410352480297135], [31, 32, 5.0378726100580025], [7, 9, -7.547579174560678], [19, 59, -17.08093203163523], [16, 78, 13.360063031488707], [20, 87, 14.256151733882831], [6, 28, 0.6348273151962189], [19, 75, -29.195634096311153], [28, 72, -13.729535297381748], [14, 39, 26.563809750842445], [15, 28, 19.366945229851588], [16, 74, 0.6349348009309459], [2, 70, 13.240680688789311], [19, 8, -17.79541367088057], [22, 76, 18.879696649434194], [35, 29, 19.136134621955172], [0, 48, 26.3522481614323], [6, 39, -19.274579059927945], [32, 24, 3.7370030376980097], [14, 77, 18.398780112793546], [10, 2, -21.696917597034584], [2, 12, -29.50149753404578], [7, 7, 0.12464355812930705], [10, 35, -9.757941730339546], [17, 70, 10.67806437172888], [4, 40, -24.262298321946812], [22, 44, 29.336336427625334], [3, 29, 18.5097878300934], [25, 6, 1.757547138499806], [10, 58, -22.539870114856967], [12, 86, -0.28672076600220464]]
最小値:97.30858363374614
入力値:[39, 46, 17.410352480297135]
経過時間:241.941068649292sec
num_evaluation of BBF = 150.0
 input_history 
[[3, 84, 28.11243976925592], [5, 90, 1.8513414933359371], [21, 60, -5.85891839775811], [10, 27, -1.2964922518558524], [9, 61, 2.603161052552423], [34, 59, 12.742474444925477], [38, 93, -4.434493771428471], [4, 53, 22.48895347138079], [26, 66, 28.972232793206025], [37, 81, -25.743429314988077], [28, 91, -6.381905103383705], [22, 31, -9.272303280127975], [21, 72, -28.276077062202276], [31, 47, -7.142466647768821], [7, 45, 26.328234798646307], [7, 95, -4.0514440325750485], [25, 60, -26.17470340211445], [4, 37, 8.926239432533599], [18, 38, 11.2164299333132], [39, 46, 17.410352480297135], [31, 32, 5.0378726100580025], [7, 9, -7.547579174560678], [19, 59, -17.08093203163523], [16, 78, 13.360063031488707], [20, 87, 14.256151733882831], [6, 28, 0.6348273151962189], [19, 75, -29.195634096311153], [28, 72, -13.729535297381748], [14, 39, 26.563809750842445], [15, 28, 19.366945229851588], [16, 74, 0.6349348009309459], [2, 70, 13.240680688789311], [19, 8, -17.79541367088057], [22, 76, 18.879696649434194], [35, 29, 19.136134621955172], [0, 48, 26.3522481614323], [6, 39, -19.274579059927945], [32, 24, 3.7370030376980097], [14, 77, 18.398780112793546], [10, 2, -21.696917597034584], [2, 12, -29.50149753404578], [7, 7, 0.12464355812930705], [10, 35, -9.757941730339546], [17, 70, 10.67806437172888], [4, 40, -24.262298321946812], [22, 44, 29.336336427625334], [3, 29, 18.5097878300934], [25, 6, 1.757547138499806], [10, 58, -22.539870114856967], [12, 86, -0.28672076600220464]]
最小値:97.30858363374614
入力値:[39, 46, 17.410352480297135]
経過時間:239.9396243095398sec
num_evaluation of BBF = 200.0
 input_history 
[[28, 54, -29.54741427280179], [22, 65, -16.886479462435307], [27, 33, -19.993419208060715], [0, 60, 27.05784189760299], [24, 74, 11.946443483925663], [12, 18, 2.870266982788891], [1, 56, -6.811369823120078], [37, 19, 19.492227870032885], [9, 80, 26.431464571599363], [13, 59, -19.821824544973975], [13, 93, 26.73104501857444], [22, 50, 28.250760725413507], [35, 52, 4.905083420902862], [10, 56, -27.197997827107617], [5, 24, -20.39579781418842]]
最小値:97.82387958181397
入力値:[0, 60, 27.05784189760299]
経過時間:75.60194993019104sec
num_evaluation of BBF = 15.0
 input_history 
[[28, 54, -29.54741427280179], [22, 65, -16.886479462435307], [27, 33, -19.993419208060715], [0, 60, 27.05784189760299], [24, 74, 11.946443483925663], [12, 18, 2.870266982788891], [1, 56, -6.811369823120078], [37, 19, 19.492227870032885], [9, 80, 26.431464571599363], [13, 59, -19.821824544973975], [13, 93, 26.73104501857444], [22, 50, 28.250760725413507], [35, 52, 4.905083420902862], [10, 56, -27.197997827107617], [5, 24, -20.39579781418842]]
最小値:97.82387958181397
入力値:[0, 60, 27.05784189760299]
経過時間:69.22728371620178sec
num_evaluation of BBF = 30.0
 input_history 
[[28, 54, -29.54741427280179], [22, 65, -16.886479462435307], [27, 33, -19.993419208060715], [0, 60, 27.05784189760299], [24, 74, 11.946443483925663], [12, 18, 2.870266982788891], [1, 56, -6.811369823120078], [37, 19, 19.492227870032885], [9, 80, 26.431464571599363], [13, 59, -19.821824544973975], [13, 93, 26.73104501857444], [22, 50, 28.250760725413507], [35, 52, 4.905083420902862], [10, 56, -27.197997827107617], [5, 24, -20.39579781418842], [4, 72, -21.59051011403406], [34, 91, -18.758481176314703], [13, 71, 12.211750428083285], [15, 46, 8.82700281270668], [29, 50, -2.2981402517581806]]
最小値:97.82387958181397
入力値:[0, 60, 27.05784189760299]
経過時間:94.88210940361023sec
num_evaluation of BBF = 50.0
 input_history 
[[28, 54, -29.54741427280179], [22, 65, -16.886479462435307], [27, 33, -19.993419208060715], [0, 60, 27.05784189760299], [24, 74, 11.946443483925663], [12, 18, 2.870266982788891], [1, 56, -6.811369823120078], [37, 19, 19.492227870032885], [9, 80, 26.431464571599363], [13, 59, -19.821824544973975], [13, 93, 26.73104501857444], [22, 50, 28.250760725413507], [35, 52, 4.905083420902862], [10, 56, -27.197997827107617], [5, 24, -20.39579781418842], [4, 72, -21.59051011403406], [34, 91, -18.758481176314703], [13, 71, 12.211750428083285], [15, 46, 8.82700281270668], [29, 50, -2.2981402517581806], [19, 41, 10.422859118669365], [19, 48, -20.24363720639515], [34, 16, -8.824982806039085], [14, 75, 18.069385901741157], [27, 32, 24.568572555495017], [27, 64, -7.492634250253566], [23, 33, -3.3532622973572117], [22, 82, -5.139220512022703], [16, 57, -17.001617236388274], [23, 94, -5.044879979112469], [15, 11, -0.33980369203759864], [2, 76, 4.479502986170267], [21, 18, -26.73819278560164], [22, 29, 6.895948521733125], [1, 70, -19.01083598080677], [24, 40, -27.622240354433977], [0, 45, -0.5639071095410593], [35, 86, -28.207551464390196], [23, 61, -8.732558284110624], [18, 84, 26.362248175081326], [8, 33, 28.83258736142799], [19, 85, 13.886894678804907], [2, 49, 4.549531069191836], [9, 67, 27.909491007602796], [35, 10, 24.181295729836165], [29, 58, 1.289238191036425], [14, 11, 18.78428884369584], [15, 29, 20.172420044684728], [34, 52, 18.718267695509446], [6, 79, 10.735654141836115]]
最小値:97.82387958181397
入力値:[0, 60, 27.05784189760299]
経過時間:249.16313791275024sec
num_evaluation of BBF = 100.0
 input_history 
[[28, 54, -29.54741427280179], [22, 65, -16.886479462435307], [27, 33, -19.993419208060715], [0, 60, 27.05784189760299], [24, 74, 11.946443483925663], [12, 18, 2.870266982788891], [1, 56, -6.811369823120078], [37, 19, 19.492227870032885], [9, 80, 26.431464571599363], [13, 59, -19.821824544973975], [13, 93, 26.73104501857444], [22, 50, 28.250760725413507], [35, 52, 4.905083420902862], [10, 56, -27.197997827107617], [5, 24, -20.39579781418842], [4, 72, -21.59051011403406], [34, 91, -18.758481176314703], [13, 71, 12.211750428083285], [15, 46, 8.82700281270668], [29, 50, -2.2981402517581806], [19, 41, 10.422859118669365], [19, 48, -20.24363720639515], [34, 16, -8.824982806039085], [14, 75, 18.069385901741157], [27, 32, 24.568572555495017], [27, 64, -7.492634250253566], [23, 33, -3.3532622973572117], [22, 82, -5.139220512022703], [16, 57, -17.001617236388274], [23, 94, -5.044879979112469], [15, 11, -0.33980369203759864], [2, 76, 4.479502986170267], [21, 18, -26.73819278560164], [22, 29, 6.895948521733125], [1, 70, -19.01083598080677], [24, 40, -27.622240354433977], [0, 45, -0.5639071095410593], [35, 86, -28.207551464390196], [23, 61, -8.732558284110624], [18, 84, 26.362248175081326], [8, 33, 28.83258736142799], [19, 85, 13.886894678804907], [2, 49, 4.549531069191836], [9, 67, 27.909491007602796], [35, 10, 24.181295729836165], [29, 58, 1.289238191036425], [14, 11, 18.78428884369584], [15, 29, 20.172420044684728], [34, 52, 18.718267695509446], [6, 79, 10.735654141836115]]
最小値:97.82387958181397
入力値:[0, 60, 27.05784189760299]
経過時間:238.64073991775513sec
num_evaluation of BBF = 150.0
 input_history 
[[28, 54, -29.54741427280179], [22, 65, -16.886479462435307], [27, 33, -19.993419208060715], [0, 60, 27.05784189760299], [24, 74, 11.946443483925663], [12, 18, 2.870266982788891], [1, 56, -6.811369823120078], [37, 19, 19.492227870032885], [9, 80, 26.431464571599363], [13, 59, -19.821824544973975], [13, 93, 26.73104501857444], [22, 50, 28.250760725413507], [35, 52, 4.905083420902862], [10, 56, -27.197997827107617], [5, 24, -20.39579781418842], [4, 72, -21.59051011403406], [34, 91, -18.758481176314703], [13, 71, 12.211750428083285], [15, 46, 8.82700281270668], [29, 50, -2.2981402517581806], [19, 41, 10.422859118669365], [19, 48, -20.24363720639515], [34, 16, -8.824982806039085], [14, 75, 18.069385901741157], [27, 32, 24.568572555495017], [27, 64, -7.492634250253566], [23, 33, -3.3532622973572117], [22, 82, -5.139220512022703], [16, 57, -17.001617236388274], [23, 94, -5.044879979112469], [15, 11, -0.33980369203759864], [2, 76, 4.479502986170267], [21, 18, -26.73819278560164], [22, 29, 6.895948521733125], [1, 70, -19.01083598080677], [24, 40, -27.622240354433977], [0, 45, -0.5639071095410593], [35, 86, -28.207551464390196], [23, 61, -8.732558284110624], [18, 84, 26.362248175081326], [8, 33, 28.83258736142799], [19, 85, 13.886894678804907], [2, 49, 4.549531069191836], [9, 67, 27.909491007602796], [35, 10, 24.181295729836165], [29, 58, 1.289238191036425], [14, 11, 18.78428884369584], [15, 29, 20.172420044684728], [34, 52, 18.718267695509446], [6, 79, 10.735654141836115]]
最小値:97.82387958181397
入力値:[0, 60, 27.05784189760299]
経過時間:239.55904531478882sec
num_evaluation of BBF = 200.0