
BO_ratio_matrix = 
[[96.88008025 99.06729929 99.41445177 96.23897849 96.08627509 88.4905027
  92.66461857 96.37826968 89.97712231 95.09730157]
 [90.92646575 99.04762617 85.43240386 95.67538494 91.3813179  87.79896425
  82.1989957  94.74312161 89.97712231 94.62867862]
 [90.92646575 99.04762617 85.43240386 94.07852444 90.49567169 87.79896425
  82.1989957  92.3686866  89.97712231 91.65297168]
 [90.92646575 97.98718339 85.43240386 93.96804101 90.49567169 87.79896425
  82.1989957  85.07262352 87.81197182 91.21881973]
 [90.92646575 91.52761706 85.43240386 93.96804101 86.32601853 87.79896425
  80.02662951 70.324703   86.9493262  91.21881973]
 [89.74898731 91.52761706 85.43240386 87.46137015 82.1989957  87.79896425
  79.65462043 64.48848145 84.86885215 79.90934918]]
RS_ratio_matrix = 
[[97.76861836 89.31792348 95.56458768 97.11205492 96.49136542 83.89366736
  98.53559108 97.57899135 97.61489618 97.82387958]
 [97.76861836 89.31792348 95.56458768 97.11205492 96.49136542 83.89366736
  98.53559108 97.57899135 97.61489618 97.82387958]
 [97.22866814 89.31792348 95.56458768 97.11205492 96.49136542 83.89366736
  98.53559108 97.57899135 97.30858363 97.82387958]
 [96.22621077 89.31792348 95.56458768 97.11205492 95.95157654 83.89366736
  91.18762944 94.26407552 97.30858363 97.82387958]
 [96.22621077 89.31792348 95.56458768 97.11205492 95.95157654 83.89366736
  91.18762944 94.26407552 97.30858363 97.82387958]
 [96.22621077 89.31792348 95.56458768 97.11205492 95.95157654 83.89366736
  91.18762944 94.26407552 97.30858363 97.82387958]]
Mean Accumulated PREC(%) 10 times; BBF=[ 15.  30.  50. 100. 150. 200.]
BO_vec=array([95.02948997, 91.18100811, 90.39774324, 89.29111407, 86.44989889,
       83.30896415])
RS_vec=array([95.17015754, 95.17015754, 95.08553126, 93.86501889, 93.86501889,
       93.86501889])
Median Accumulated PREC(%) 10 times; BBF=[ 15.  30.  50. 100. 150. 200.]
BO_vec=array([96.16262679, 91.15389182, 90.71106872, 89.15382175, 87.37414522,
       85.150628  ])
RS_vec=array([97.34552313, 97.34552313, 97.17036153, 95.75808211, 95.75808211,
       95.75808211])
Min Accumulated PREC(%) 10 times; BBF=[ 15.  30.  50. 100. 150. 200.]
BO_vec=array([88.4905027 , 82.1989957 , 82.1989957 , 82.1989957 , 70.324703  ,
       64.48848145])
RS_vec=array([83.89366736, 83.89366736, 83.89366736, 83.89366736, 83.89366736,
       83.89366736])
Max Accumulated PREC(%) 10 times; BBF=[ 15.  30.  50. 100. 150. 200.]
BO_vec=array([99.41445177, 99.04762617, 99.04762617, 97.98718339, 93.96804101,
       91.52761706])
RS_vec=array([98.53559108, 98.53559108, 98.53559108, 97.82387958, 97.82387958,
       97.82387958])