
 input
[[23, 81, 14.31782470491028], [33, 60, -4.624731708292003], [12, 5, -9.09374821679547], [19, 78, -0.8009131049977043], [15, 80, -6.504153583309263], [25, 35, 18.286206358121866], [5, 84, -1.0556781890515765], [31, 50, 7.155181204758417], [28, 56, 1.4949291779604295], [30, 10, -1.0559832261336979], [25, 11, -9.894268084501803], [30, 27, -10.212216403487847], [3, 93, -9.738127709964823], [28, 3, -11.167228158541443], [27, 21, -9.689278883416929]]
 output
 [100.17690443  99.88635966  99.19871662 100.00477658 100.03323466
  99.30079818  99.99751053 100.2631489  100.00934443 100.02164163
  98.2424938   98.77770456  99.74898984 100.02255547  98.57554805]
最小値:98.2424937989706
入力値:[25, 11, -9.894268084501803]
経過時間:85.45143580436707sec
num_evaluation of BBF = 15.0
 input
[[23, 81, 14.31782470491028], [33, 60, -4.624731708292003], [12, 5, -9.09374821679547], [19, 78, -0.8009131049977043], [15, 80, -6.504153583309263], [25, 35, 18.286206358121866], [5, 84, -1.0556781890515765], [31, 50, 7.155181204758417], [28, 56, 1.4949291779604295], [30, 10, -1.0559832261336979], [25, 11, -9.894268084501803], [30, 27, -10.212216403487847], [3, 93, -9.738127709964823], [28, 3, -11.167228158541443], [27, 21, -9.689278883416929], [22, 80, -9.953877029025646], [1, 22, 19.87495421103325], [38, 23, -19.992841887975004], [5, 3, -9.876020194631735], [2, 33, -19.49133563823816], [3, 37, -19.169183232928116], [0, 33, -10.489402396481253], [0, 30, -9.16364123029696], [0, 49, -19.870565393996987], [4, 40, -18.47503464065017], [4, 39, 2.257533879595506], [25, 0, 19.819408261621646], [6, 0, 20.0], [24, 1, 19.046956885271506], [38, 96, -2.51932017844565]]
 output
 [100.17690443  99.88635966  99.19871662 100.00477658 100.03323466
  99.30079818  99.99751053 100.2631489  100.00934443 100.02164163
  98.2424938   98.77770456  99.74898984 100.02255547  98.57554805
 100.14816661  99.25980878 100.00686048  99.69007424  97.84818852
  98.35348037  96.30074738  99.75395558 100.10878007  97.63097755
 100.01244253  96.08280735 101.5335502  101.66807803 100.00180223]
最小値:96.08280735134673
入力値:[25, 0, 19.819408261621646]
経過時間:86.78553295135498sec
num_evaluation of BBF = 30.0
 input
[[23, 81, 14.31782470491028], [33, 60, -4.624731708292003], [12, 5, -9.09374821679547], [19, 78, -0.8009131049977043], [15, 80, -6.504153583309263], [25, 35, 18.286206358121866], [5, 84, -1.0556781890515765], [31, 50, 7.155181204758417], [28, 56, 1.4949291779604295], [30, 10, -1.0559832261336979], [25, 11, -9.894268084501803], [30, 27, -10.212216403487847], [3, 93, -9.738127709964823], [28, 3, -11.167228158541443], [27, 21, -9.689278883416929], [22, 80, -9.953877029025646], [1, 22, 19.87495421103325], [38, 23, -19.992841887975004], [5, 3, -9.876020194631735], [2, 33, -19.49133563823816], [3, 37, -19.169183232928116], [0, 33, -10.489402396481253], [0, 30, -9.16364123029696], [0, 49, -19.870565393996987], [4, 40, -18.47503464065017], [4, 39, 2.257533879595506], [25, 0, 19.819408261621646], [6, 0, 20.0], [24, 1, 19.046956885271506], [38, 96, -2.51932017844565], [0, 67, 18.825918875652555], [39, 96, 18.82755422729197], [38, 42, 19.292799124777453], [38, 43, 19.21357376170345], [39, 18, 17.895845595683262], [37, 44, -19.322755593453145], [37, 65, -19.17595161377705], [38, 27, 15.953793761300432], [25, 81, 19.874858010618567], [0, 85, -10.286832865223198], [11, 96, -18.916689049080116], [3, 16, -17.567020699067587], [6, 55, 16.22377764524733], [35, 35, 18.598436258688707], [0, 34, -10.259428688533243], [0, 33, -12.134506815250418], [38, 42, 17.046685055495004], [38, 42, 14.502836239456641], [38, 42, 19.73928864196202], [38, 41, 14.466522459284128]]
 output
 [100.17690443  99.88635966  99.19871662 100.00477658 100.03323466
  99.30079818  99.99751053 100.2631489  100.00934443 100.02164163
  98.2424938   98.77770456  99.74898984 100.02255547  98.57554805
 100.14816661  99.25980878 100.00686048  99.69007424  97.84818852
  98.35348037  96.30074738  99.75395558 100.10878007  97.63097755
 100.01244253  96.08280735 101.5335502  101.66807803 100.00180223
  99.85138501 100.01739228  95.62666129  99.23497569  98.91235571
 101.04422583 100.15045182 100.67375219  99.46749294 100.21107882
 100.08970245 100.52129176  99.75855935 100.59313663  96.61949365
  97.10178608  96.06256103  96.85096973  95.3984556   96.13869113]
最小値:95.39845559818656
入力値:[38, 42, 19.73928864196202]
経過時間:132.46618485450745sec
num_evaluation of BBF = 50.0
 input
[[23, 81, 14.31782470491028], [33, 60, -4.624731708292003], [12, 5, -9.09374821679547], [19, 78, -0.8009131049977043], [15, 80, -6.504153583309263], [25, 35, 18.286206358121866], [5, 84, -1.0556781890515765], [31, 50, 7.155181204758417], [28, 56, 1.4949291779604295], [30, 10, -1.0559832261336979], [25, 11, -9.894268084501803], [30, 27, -10.212216403487847], [3, 93, -9.738127709964823], [28, 3, -11.167228158541443], [27, 21, -9.689278883416929], [22, 80, -9.953877029025646], [1, 22, 19.87495421103325], [38, 23, -19.992841887975004], [5, 3, -9.876020194631735], [2, 33, -19.49133563823816], [3, 37, -19.169183232928116], [0, 33, -10.489402396481253], [0, 30, -9.16364123029696], [0, 49, -19.870565393996987], [4, 40, -18.47503464065017], [4, 39, 2.257533879595506], [25, 0, 19.819408261621646], [6, 0, 20.0], [24, 1, 19.046956885271506], [38, 96, -2.51932017844565], [0, 67, 18.825918875652555], [39, 96, 18.82755422729197], [38, 42, 19.292799124777453], [38, 43, 19.21357376170345], [39, 18, 17.895845595683262], [37, 44, -19.322755593453145], [37, 65, -19.17595161377705], [38, 27, 15.953793761300432], [25, 81, 19.874858010618567], [0, 85, -10.286832865223198], [11, 96, -18.916689049080116], [3, 16, -17.567020699067587], [6, 55, 16.22377764524733], [35, 35, 18.598436258688707], [0, 34, -10.259428688533243], [0, 33, -12.134506815250418], [38, 42, 17.046685055495004], [38, 42, 14.502836239456641], [38, 42, 19.73928864196202], [38, 41, 14.466522459284128], [38, 42, 19.99739656938332], [0, 33, -5.968018085714297], [38, 42, 20.0], [1, 68, 19.794067835234145], [25, 0, 20.0], [6, 26, -4.24243018644367], [8, 88, -11.933169084392217], [0, 83, -14.117010466539982], [3, 6, 5.973767752264219], [5, 8, -11.985461081631897], [15, 35, 19.33000941526693], [36, 69, 8.91088199315561], [39, 42, 18.638635279663504], [23, 13, 15.509189180790656], [27, 73, 13.053731023950363], [12, 4, 0.5724015257739623], [22, 77, -2.9392256208551686], [25, 63, -19.52095036700804], [8, 18, -19.470488317069282], [3, 84, -16.75619281585581], [5, 42, -17.191460954038572], [8, 80, -4.1999869893506805], [38, 42, 19.955719151216712], [8, 79, 8.898424296096827], [38, 41, 20.0], [38, 41, 19.920141798718177], [13, 93, 12.502980593666045], [0, 84, 16.210409460490148], [27, 58, -13.688256123611596], [11, 69, -4.053985762759442], [35, 1, 2.4000687970745886], [11, 63, -1.18479500367323], [12, 39, 2.4316188916563277], [28, 41, 17.21459079465499], [24, 18, -7.272426701598363], [37, 63, -6.078703727788202], [15, 45, -7.502289851809863], [2, 74, -17.37981016566488], [6, 46, 5.382840943106078], [28, 88, -15.925270487862058], [5, 7, 18.35323014868201], [20, 41, -16.334645366521855], [21, 49, 16.559215259838737], [25, 2, 17.77733166188515], [33, 27, 13.951163040340866], [38, 39, 12.88063638499819], [22, 48, 11.409943382864455], [37, 42, 18.030199456812277], [38, 38, 19.814055230598548], [0, 36, -12.494040860761404]]
 output
 [100.17690443  99.88635966  99.19871662 100.00477658 100.03323466
  99.30079818  99.99751053 100.2631489  100.00934443 100.02164163
  98.2424938   98.77770456  99.74898984 100.02255547  98.57554805
 100.14816661  99.25980878 100.00686048  99.69007424  97.84818852
  98.35348037  96.30074738  99.75395558 100.10878007  97.63097755
 100.01244253  96.08280735 101.5335502  101.66807803 100.00180223
  99.85138501 100.01739228  95.62666129  99.23497569  98.91235571
 101.04422583 100.15045182 100.67375219  99.46749294 100.21107882
 100.08970245 100.52129176  99.75855935 100.59313663  96.61949365
  97.10178608  96.06256103  96.85096973  95.3984556   96.13869113
  95.30670693  99.24216687  95.30587184  99.15064116  96.02346754
  99.67792194  99.92048938  99.71404478 100.39046218  99.50248821
  99.02621443 100.10609319  98.64476542  98.84026723 100.11127596
 100.06874151 100.004805   100.01330971 100.3228471   99.69042724
  98.3417748  100.02375019  95.30809458 100.20278034  92.45927737
  92.55642018  99.78420305 100.63638781 100.25923169  99.63309484
 100.04267249 100.08484545  99.96617597 100.11974594  99.84914814
  99.9159997   99.5054532   99.58666917  99.88841289 100.14280094
 102.08983494 100.43068615  99.87452281  98.42257073  99.23729856
  99.97091076 100.15866744  99.78262654  99.75053588  97.88918465]
最小値:92.4592773686539
入力値:[38, 41, 20.0]
経過時間:344.71841073036194sec
num_evaluation of BBF = 100.0
 input
[[23, 81, 14.31782470491028], [33, 60, -4.624731708292003], [12, 5, -9.09374821679547], [19, 78, -0.8009131049977043], [15, 80, -6.504153583309263], [25, 35, 18.286206358121866], [5, 84, -1.0556781890515765], [31, 50, 7.155181204758417], [28, 56, 1.4949291779604295], [30, 10, -1.0559832261336979], [25, 11, -9.894268084501803], [30, 27, -10.212216403487847], [3, 93, -9.738127709964823], [28, 3, -11.167228158541443], [27, 21, -9.689278883416929], [22, 80, -9.953877029025646], [1, 22, 19.87495421103325], [38, 23, -19.992841887975004], [5, 3, -9.876020194631735], [2, 33, -19.49133563823816], [3, 37, -19.169183232928116], [0, 33, -10.489402396481253], [0, 30, -9.16364123029696], [0, 49, -19.870565393996987], [4, 40, -18.47503464065017], [4, 39, 2.257533879595506], [25, 0, 19.819408261621646], [6, 0, 20.0], [24, 1, 19.046956885271506], [38, 96, -2.51932017844565], [0, 67, 18.825918875652555], [39, 96, 18.82755422729197], [38, 42, 19.292799124777453], [38, 43, 19.21357376170345], [39, 18, 17.895845595683262], [37, 44, -19.322755593453145], [37, 65, -19.17595161377705], [38, 27, 15.953793761300432], [25, 81, 19.874858010618567], [0, 85, -10.286832865223198], [11, 96, -18.916689049080116], [3, 16, -17.567020699067587], [6, 55, 16.22377764524733], [35, 35, 18.598436258688707], [0, 34, -10.259428688533243], [0, 33, -12.134506815250418], [38, 42, 17.046685055495004], [38, 42, 14.502836239456641], [38, 42, 19.73928864196202], [38, 41, 14.466522459284128], [38, 42, 19.99739656938332], [0, 33, -5.968018085714297], [38, 42, 20.0], [1, 68, 19.794067835234145], [25, 0, 20.0], [6, 26, -4.24243018644367], [8, 88, -11.933169084392217], [0, 83, -14.117010466539982], [3, 6, 5.973767752264219], [5, 8, -11.985461081631897], [15, 35, 19.33000941526693], [36, 69, 8.91088199315561], [39, 42, 18.638635279663504], [23, 13, 15.509189180790656], [27, 73, 13.053731023950363], [12, 4, 0.5724015257739623], [22, 77, -2.9392256208551686], [25, 63, -19.52095036700804], [8, 18, -19.470488317069282], [3, 84, -16.75619281585581], [5, 42, -17.191460954038572], [8, 80, -4.1999869893506805], [38, 42, 19.955719151216712], [8, 79, 8.898424296096827], [38, 41, 20.0], [38, 41, 19.920141798718177], [13, 93, 12.502980593666045], [0, 84, 16.210409460490148], [27, 58, -13.688256123611596], [11, 69, -4.053985762759442], [35, 1, 2.4000687970745886], [11, 63, -1.18479500367323], [12, 39, 2.4316188916563277], [28, 41, 17.21459079465499], [24, 18, -7.272426701598363], [37, 63, -6.078703727788202], [15, 45, -7.502289851809863], [2, 74, -17.37981016566488], [6, 46, 5.382840943106078], [28, 88, -15.925270487862058], [5, 7, 18.35323014868201], [20, 41, -16.334645366521855], [21, 49, 16.559215259838737], [25, 2, 17.77733166188515], [33, 27, 13.951163040340866], [38, 39, 12.88063638499819], [22, 48, 11.409943382864455], [37, 42, 18.030199456812277], [38, 38, 19.814055230598548], [0, 36, -12.494040860761404], [34, 5, -6.256595303852405], [4, 41, -14.358904616456591], [20, 58, -3.3816489227912214], [4, 39, -11.69573027922145], [1, 34, -9.643472703578551], [10, 81, -11.01081849536339], [12, 70, -10.065237447203137], [4, 38, -19.165447741327398], [4, 38, -17.50726927663134], [19, 25, -16.636280363132027], [38, 42, 9.256185486827789], [4, 37, -20.0], [11, 32, 11.139551719121119], [5, 39, -18.2409084752241], [38, 40, 16.149804258439147], [26, 0, 18.954004596897597], [10, 47, 9.246748258321862], [3, 40, -17.348018205010423], [3, 42, -15.955995153166292], [5, 37, -17.80727796450961], [3, 40, -13.714163742365496], [3, 41, -12.103473049033893], [8, 36, 16.72168406675143], [7, 71, -6.235235233111995], [2, 41, -9.650415356605222], [39, 41, 20.0], [38, 54, 19.708494725884], [39, 79, -19.75907421796311], [39, 3, 18.73337082856748], [39, 83, 19.9624449275261], [1, 96, 19.068511494623117], [0, 62, -18.828636934377368], [3, 38, -15.49925990620764], [24, 96, 18.350861383275443], [17, 20, 19.94126931084248], [19, 0, -18.823813489291375], [19, 1, -18.883965901820552], [18, 3, -19.832499687529683], [19, 0, -17.273032712060168], [19, 4, -15.983160186951695], [18, 0, -20.0], [22, 0, -20.0], [34, 89, 19.896579862934217], [24, 0, -12.946782454546053], [35, 53, -19.91950965169376], [28, 0, -15.842303527617142], [23, 0, -16.30495248877507], [2, 87, 8.482926970025968], [22, 0, -18.87211749205393], [22, 0, -19.227325264748117]]
 output
 [100.17690443  99.88635966  99.19871662 100.00477658 100.03323466
  99.30079818  99.99751053 100.2631489  100.00934443 100.02164163
  98.2424938   98.77770456  99.74898984 100.02255547  98.57554805
 100.14816661  99.25980878 100.00686048  99.69007424  97.84818852
  98.35348037  96.30074738  99.75395558 100.10878007  97.63097755
 100.01244253  96.08280735 101.5335502  101.66807803 100.00180223
  99.85138501 100.01739228  95.62666129  99.23497569  98.91235571
 101.04422583 100.15045182 100.67375219  99.46749294 100.21107882
 100.08970245 100.52129176  99.75855935 100.59313663  96.61949365
  97.10178608  96.06256103  96.85096973  95.3984556   96.13869113
  95.30670693  99.24216687  95.30587184  99.15064116  96.02346754
  99.67792194  99.92048938  99.71404478 100.39046218  99.50248821
  99.02621443 100.10609319  98.64476542  98.84026723 100.11127596
 100.06874151 100.004805   100.01330971 100.3228471   99.69042724
  98.3417748  100.02375019  95.30809458 100.20278034  92.45927737
  92.55642018  99.78420305 100.63638781 100.25923169  99.63309484
 100.04267249 100.08484545  99.96617597 100.11974594  99.84914814
  99.9159997   99.5054532   99.58666917  99.88841289 100.14280094
 102.08983494 100.43068615  99.87452281  98.42257073  99.23729856
  99.97091076 100.15866744  99.78262654  99.75053588  97.88918465
  99.96701765  97.96863865 100.29912739  98.55853321  98.3307033
  99.76521964  99.81864418  95.9747417   97.51658904  99.01625923
  98.18406192  97.55442848  99.88916435  97.6566762   96.23975807
  97.97644232  99.84174179  97.3472312   97.64590971  98.11161788
  95.81337052  96.16577321  99.77501106 100.22961275  98.4257319
  98.96478325  98.69581897  99.67651475 100.06159661 100.63176781
 100.0084443   99.57517619  97.92092141 100.02591419  97.63883183
  90.9917786   89.81722955  99.73451372  90.55549535 105.20627348
  94.523453    82.93336631 100.73501767  87.94184314  99.22405065
  97.47147889  84.78344537 100.36842677  82.90726744  83.02916119]
最小値:82.90726744279925
入力値:[22, 0, -18.87211749205393]
経過時間:374.10832238197327sec
num_evaluation of BBF = 150.0
 input
[[23, 81, 14.31782470491028], [33, 60, -4.624731708292003], [12, 5, -9.09374821679547], [19, 78, -0.8009131049977043], [15, 80, -6.504153583309263], [25, 35, 18.286206358121866], [5, 84, -1.0556781890515765], [31, 50, 7.155181204758417], [28, 56, 1.4949291779604295], [30, 10, -1.0559832261336979], [25, 11, -9.894268084501803], [30, 27, -10.212216403487847], [3, 93, -9.738127709964823], [28, 3, -11.167228158541443], [27, 21, -9.689278883416929], [22, 80, -9.953877029025646], [1, 22, 19.87495421103325], [38, 23, -19.992841887975004], [5, 3, -9.876020194631735], [2, 33, -19.49133563823816], [3, 37, -19.169183232928116], [0, 33, -10.489402396481253], [0, 30, -9.16364123029696], [0, 49, -19.870565393996987], [4, 40, -18.47503464065017], [4, 39, 2.257533879595506], [25, 0, 19.819408261621646], [6, 0, 20.0], [24, 1, 19.046956885271506], [38, 96, -2.51932017844565], [0, 67, 18.825918875652555], [39, 96, 18.82755422729197], [38, 42, 19.292799124777453], [38, 43, 19.21357376170345], [39, 18, 17.895845595683262], [37, 44, -19.322755593453145], [37, 65, -19.17595161377705], [38, 27, 15.953793761300432], [25, 81, 19.874858010618567], [0, 85, -10.286832865223198], [11, 96, -18.916689049080116], [3, 16, -17.567020699067587], [6, 55, 16.22377764524733], [35, 35, 18.598436258688707], [0, 34, -10.259428688533243], [0, 33, -12.134506815250418], [38, 42, 17.046685055495004], [38, 42, 14.502836239456641], [38, 42, 19.73928864196202], [38, 41, 14.466522459284128], [38, 42, 19.99739656938332], [0, 33, -5.968018085714297], [38, 42, 20.0], [1, 68, 19.794067835234145], [25, 0, 20.0], [6, 26, -4.24243018644367], [8, 88, -11.933169084392217], [0, 83, -14.117010466539982], [3, 6, 5.973767752264219], [5, 8, -11.985461081631897], [15, 35, 19.33000941526693], [36, 69, 8.91088199315561], [39, 42, 18.638635279663504], [23, 13, 15.509189180790656], [27, 73, 13.053731023950363], [12, 4, 0.5724015257739623], [22, 77, -2.9392256208551686], [25, 63, -19.52095036700804], [8, 18, -19.470488317069282], [3, 84, -16.75619281585581], [5, 42, -17.191460954038572], [8, 80, -4.1999869893506805], [38, 42, 19.955719151216712], [8, 79, 8.898424296096827], [38, 41, 20.0], [38, 41, 19.920141798718177], [13, 93, 12.502980593666045], [0, 84, 16.210409460490148], [27, 58, -13.688256123611596], [11, 69, -4.053985762759442], [35, 1, 2.4000687970745886], [11, 63, -1.18479500367323], [12, 39, 2.4316188916563277], [28, 41, 17.21459079465499], [24, 18, -7.272426701598363], [37, 63, -6.078703727788202], [15, 45, -7.502289851809863], [2, 74, -17.37981016566488], [6, 46, 5.382840943106078], [28, 88, -15.925270487862058], [5, 7, 18.35323014868201], [20, 41, -16.334645366521855], [21, 49, 16.559215259838737], [25, 2, 17.77733166188515], [33, 27, 13.951163040340866], [38, 39, 12.88063638499819], [22, 48, 11.409943382864455], [37, 42, 18.030199456812277], [38, 38, 19.814055230598548], [0, 36, -12.494040860761404], [34, 5, -6.256595303852405], [4, 41, -14.358904616456591], [20, 58, -3.3816489227912214], [4, 39, -11.69573027922145], [1, 34, -9.643472703578551], [10, 81, -11.01081849536339], [12, 70, -10.065237447203137], [4, 38, -19.165447741327398], [4, 38, -17.50726927663134], [19, 25, -16.636280363132027], [38, 42, 9.256185486827789], [4, 37, -20.0], [11, 32, 11.139551719121119], [5, 39, -18.2409084752241], [38, 40, 16.149804258439147], [26, 0, 18.954004596897597], [10, 47, 9.246748258321862], [3, 40, -17.348018205010423], [3, 42, -15.955995153166292], [5, 37, -17.80727796450961], [3, 40, -13.714163742365496], [3, 41, -12.103473049033893], [8, 36, 16.72168406675143], [7, 71, -6.235235233111995], [2, 41, -9.650415356605222], [39, 41, 20.0], [38, 54, 19.708494725884], [39, 79, -19.75907421796311], [39, 3, 18.73337082856748], [39, 83, 19.9624449275261], [1, 96, 19.068511494623117], [0, 62, -18.828636934377368], [3, 38, -15.49925990620764], [24, 96, 18.350861383275443], [17, 20, 19.94126931084248], [19, 0, -18.823813489291375], [19, 1, -18.883965901820552], [18, 3, -19.832499687529683], [19, 0, -17.273032712060168], [19, 4, -15.983160186951695], [18, 0, -20.0], [22, 0, -20.0], [34, 89, 19.896579862934217], [24, 0, -12.946782454546053], [35, 53, -19.91950965169376], [28, 0, -15.842303527617142], [23, 0, -16.30495248877507], [2, 87, 8.482926970025968], [22, 0, -18.87211749205393], [22, 0, -19.227325264748117], [22, 0, -19.245730670418606], [22, 0, -19.27775556843943], [22, 0, -19.29112526148512], [22, 0, -17.50170430298738], [22, 0, -17.566725614553977], [22, 0, -17.140846447781136], [22, 0, -16.95888685364036], [22, 0, -17.283618406099105], [22, 0, -17.29855510277938], [22, 0, -17.33267210615079], [22, 0, -17.33885667437019], [22, 0, -17.344731879213644], [22, 0, -17.354945020900654], [22, 0, -17.366558428027822], [22, 0, -17.37946192990196], [22, 0, -17.393747126178393], [22, 0, -17.409540769321666], [22, 0, -17.426824416892227], [22, 1, -17.44556406965334], [23, 0, -20.0], [23, 0, -11.404217639620299], [2, 77, 10.449967447446461], [21, 0, -17.424574996955208], [39, 66, -18.457405893232302], [14, 13, -6.13055121407003], [35, 63, 9.826198538734033], [25, 0, -8.83362870690847], [29, 92, -9.814529941807956], [18, 1, -14.309304957678972], [17, 61, 15.911508754967308], [23, 2, -18.844322048291055], [21, 9, 14.618012732688783], [26, 89, -8.82969081993849], [21, 4, -16.361214623009523], [23, 0, -18.586269474083256], [23, 0, -18.69504061302637], [22, 5, -16.218074346569164], [23, 0, -18.873827480837218], [23, 0, -18.999747936141773], [23, 0, -18.971855251669467], [23, 0, -18.97385986778986], [23, 0, -18.91178117632329], [23, 0, -18.91304570886501], [23, 0, -18.972382853067725], [21, 0, -12.29592619302563], [23, 0, -18.907789500513537], [19, 0, -8.696409903173096], [39, 32, -16.583938036286863], [23, 0, -18.97086589227512], [21, 0, -5.159461197224173]]
 output
 [100.17690443  99.88635966  99.19871662 100.00477658 100.03323466
  99.30079818  99.99751053 100.2631489  100.00934443 100.02164163
  98.2424938   98.77770456  99.74898984 100.02255547  98.57554805
 100.14816661  99.25980878 100.00686048  99.69007424  97.84818852
  98.35348037  96.30074738  99.75395558 100.10878007  97.63097755
 100.01244253  96.08280735 101.5335502  101.66807803 100.00180223
  99.85138501 100.01739228  95.62666129  99.23497569  98.91235571
 101.04422583 100.15045182 100.67375219  99.46749294 100.21107882
 100.08970245 100.52129176  99.75855935 100.59313663  96.61949365
  97.10178608  96.06256103  96.85096973  95.3984556   96.13869113
  95.30670693  99.24216687  95.30587184  99.15064116  96.02346754
  99.67792194  99.92048938  99.71404478 100.39046218  99.50248821
  99.02621443 100.10609319  98.64476542  98.84026723 100.11127596
 100.06874151 100.004805   100.01330971 100.3228471   99.69042724
  98.3417748  100.02375019  95.30809458 100.20278034  92.45927737
  92.55642018  99.78420305 100.63638781 100.25923169  99.63309484
 100.04267249 100.08484545  99.96617597 100.11974594  99.84914814
  99.9159997   99.5054532   99.58666917  99.88841289 100.14280094
 102.08983494 100.43068615  99.87452281  98.42257073  99.23729856
  99.97091076 100.15866744  99.78262654  99.75053588  97.88918465
  99.96701765  97.96863865 100.29912739  98.55853321  98.3307033
  99.76521964  99.81864418  95.9747417   97.51658904  99.01625923
  98.18406192  97.55442848  99.88916435  97.6566762   96.23975807
  97.97644232  99.84174179  97.3472312   97.64590971  98.11161788
  95.81337052  96.16577321  99.77501106 100.22961275  98.4257319
  98.96478325  98.69581897  99.67651475 100.06159661 100.63176781
 100.0084443   99.57517619  97.92092141 100.02591419  97.63883183
  90.9917786   89.81722955  99.73451372  90.55549535 105.20627348
  94.523453    82.93336631 100.73501767  87.94184314  99.22405065
  97.47147889  84.78344537 100.36842677  82.90726744  83.02916119
  83.03686464  83.04560474  83.04862633  82.49416739  82.53732549
  82.45095584  82.53053522  82.42595473  82.42778779  82.43462877
  82.43580036  82.43710754  82.43939304  82.44154833  82.44400831
  82.44743558  82.45190256  82.45664309 108.84698331  82.0002619
  90.31490382  99.86406318  87.83512396 100.10512578 100.87049469
 100.14447174  96.90045207 100.20579074  95.00296607 100.95441147
 103.8965394   96.75462928 100.04926483  92.021026    80.70981948
  80.60436342 109.71122325  80.45704301  80.48635572  80.46121535
  80.462762    80.44068775  80.44059659  80.461629    90.19968853
  80.44130417  94.81947011  99.73911825  80.46044982  96.41608713]
最小値:80.44059658740115
入力値:[23, 0, -18.91304570886501]
経過時間:406.408536195755sec
num_evaluation of BBF = 200.0
 input
[[39, 90, -14.87502208282573], [39, 23, -4.136770908158951], [15, 64, 17.42156283224128], [33, 30, 0.9819263829148603], [17, 22, 1.376556357880684], [36, 44, -2.7720573126116577], [37, 75, 8.638820638734575], [31, 9, 0.7261019576755636], [34, 80, 13.184134375767357], [11, 6, 6.821121602757824], [3, 61, 12.351247038820894], [39, 90, 13.339988754740588], [14, 80, 11.66755410909952], [34, 80, 13.270056154701784], [34, 80, 15.5571504988121]]
 output
 [ 99.66550399  99.56680415 100.01975376  99.99905564 100.01084595
 100.07036633 100.01149091 100.01434774  99.40109748 100.20914816
 100.53275041 100.90840038 100.07656572  99.39222976  99.37792411]
最小値:99.3779241055049
入力値:[34, 80, 15.5571504988121]
経過時間:88.43120098114014sec
num_evaluation of BBF = 15.0
 input
[[39, 90, -14.87502208282573], [39, 23, -4.136770908158951], [15, 64, 17.42156283224128], [33, 30, 0.9819263829148603], [17, 22, 1.376556357880684], [36, 44, -2.7720573126116577], [37, 75, 8.638820638734575], [31, 9, 0.7261019576755636], [34, 80, 13.184134375767357], [11, 6, 6.821121602757824], [3, 61, 12.351247038820894], [39, 90, 13.339988754740588], [14, 80, 11.66755410909952], [34, 80, 13.270056154701784], [34, 80, 15.5571504988121], [33, 78, 15.469223432672493], [31, 7, 18.769435524131588], [32, 84, 17.191926458108433], [32, 70, 19.587002680297743], [32, 96, 14.355455776943927], [32, 79, 12.781118448039301], [33, 79, 17.039106843243246], [34, 71, 14.584432145051615], [33, 84, 18.785578290942496], [34, 78, 16.775416504537937], [31, 86, 20.0], [33, 78, 14.095689321324201], [30, 82, 16.59259831319239], [32, 77, 17.22520921893939], [32, 85, 14.676241786378128]]
 output
 [ 99.66550399  99.56680415 100.01975376  99.99905564 100.01084595
 100.07036633 100.01149091 100.01434774  99.40109748 100.20914816
 100.53275041 100.90840038 100.07656572  99.39222976  99.37792411
  99.23576226 100.25050709  99.32563518  99.65333798 100.00781097
  99.69101499  99.30449446 100.26623741  99.62558157  99.33695876
  99.68580232  99.4175668   99.48124643  99.33567475  99.23396921]
最小値:99.23396921141476
入力値:[32, 85, 14.676241786378128]
経過時間:97.37149286270142sec
num_evaluation of BBF = 30.0
 input
[[39, 90, -14.87502208282573], [39, 23, -4.136770908158951], [15, 64, 17.42156283224128], [33, 30, 0.9819263829148603], [17, 22, 1.376556357880684], [36, 44, -2.7720573126116577], [37, 75, 8.638820638734575], [31, 9, 0.7261019576755636], [34, 80, 13.184134375767357], [11, 6, 6.821121602757824], [3, 61, 12.351247038820894], [39, 90, 13.339988754740588], [14, 80, 11.66755410909952], [34, 80, 13.270056154701784], [34, 80, 15.5571504988121], [33, 78, 15.469223432672493], [31, 7, 18.769435524131588], [32, 84, 17.191926458108433], [32, 70, 19.587002680297743], [32, 96, 14.355455776943927], [32, 79, 12.781118448039301], [33, 79, 17.039106843243246], [34, 71, 14.584432145051615], [33, 84, 18.785578290942496], [34, 78, 16.775416504537937], [31, 86, 20.0], [33, 78, 14.095689321324201], [30, 82, 16.59259831319239], [32, 77, 17.22520921893939], [32, 85, 14.676241786378128], [31, 86, 15.124737184512483], [29, 88, 12.595364599321442], [39, 20, -11.786487738021993], [39, 27, -12.355354579135886], [39, 26, -15.619321021620486], [39, 27, -9.835571542085727], [37, 27, -12.988378486552499], [39, 30, -13.171354699468813], [39, 32, -13.669015791453809], [39, 32, -12.485981654844423], [39, 31, -14.649368511085981], [39, 31, -16.02012316532331], [39, 31, -14.954802037923152], [39, 30, -14.952580800632852], [39, 30, -15.327483801394159], [39, 30, -15.320876604434435], [39, 30, -15.324766462693047], [39, 30, -15.328941767180757], [39, 30, -15.333692337054465], [39, 30, -15.339695689065731]]
 output
 [ 99.66550399  99.56680415 100.01975376  99.99905564 100.01084595
 100.07036633 100.01149091 100.01434774  99.40109748 100.20914816
 100.53275041 100.90840038 100.07656572  99.39222976  99.37792411
  99.23576226 100.25050709  99.32563518  99.65333798 100.00781097
  99.69101499  99.30449446 100.26623741  99.62558157  99.33695876
  99.68580232  99.4175668   99.48124643  99.33567475  99.23396921
  99.20033915  99.51483561  99.38691483  99.11807481  99.47558235
  99.59144206  99.86237966  98.41823391  98.32066698  98.80157084
  97.82564969  98.03118801  97.80805297  97.4146351   97.39350651
  97.39378644  97.39362942  97.39344348  97.39320662  97.39298429]
最小値:97.39298429301084
入力値:[39, 30, -15.339695689065731]
経過時間:135.0022702217102sec
num_evaluation of BBF = 50.0
 input
[[39, 90, -14.87502208282573], [39, 23, -4.136770908158951], [15, 64, 17.42156283224128], [33, 30, 0.9819263829148603], [17, 22, 1.376556357880684], [36, 44, -2.7720573126116577], [37, 75, 8.638820638734575], [31, 9, 0.7261019576755636], [34, 80, 13.184134375767357], [11, 6, 6.821121602757824], [3, 61, 12.351247038820894], [39, 90, 13.339988754740588], [14, 80, 11.66755410909952], [34, 80, 13.270056154701784], [34, 80, 15.5571504988121], [33, 78, 15.469223432672493], [31, 7, 18.769435524131588], [32, 84, 17.191926458108433], [32, 70, 19.587002680297743], [32, 96, 14.355455776943927], [32, 79, 12.781118448039301], [33, 79, 17.039106843243246], [34, 71, 14.584432145051615], [33, 84, 18.785578290942496], [34, 78, 16.775416504537937], [31, 86, 20.0], [33, 78, 14.095689321324201], [30, 82, 16.59259831319239], [32, 77, 17.22520921893939], [32, 85, 14.676241786378128], [31, 86, 15.124737184512483], [29, 88, 12.595364599321442], [39, 20, -11.786487738021993], [39, 27, -12.355354579135886], [39, 26, -15.619321021620486], [39, 27, -9.835571542085727], [37, 27, -12.988378486552499], [39, 30, -13.171354699468813], [39, 32, -13.669015791453809], [39, 32, -12.485981654844423], [39, 31, -14.649368511085981], [39, 31, -16.02012316532331], [39, 31, -14.954802037923152], [39, 30, -14.952580800632852], [39, 30, -15.327483801394159], [39, 30, -15.320876604434435], [39, 30, -15.324766462693047], [39, 30, -15.328941767180757], [39, 30, -15.333692337054465], [39, 30, -15.339695689065731], [39, 30, -15.347465416398098], [39, 30, -15.351818971747157], [1, 74, -19.105329470969597], [0, 43, -17.79868495011941], [0, 40, -15.904126360058644], [0, 39, -15.284515287339914], [0, 40, -14.797545343058834], [0, 39, -16.96224787949703], [2, 40, -15.929644798562638], [12, 50, -12.626424605840887], [0, 38, -8.274559524503378], [12, 34, -20.0], [0, 40, -15.930416335578446], [0, 36, -15.130881622727882], [10, 96, -1.4709802351348422], [0, 40, -16.494239504209112], [0, 39, -16.032647954023073], [13, 96, -8.333645513892371], [0, 40, -20.0], [35, 59, -17.488733654769817], [0, 18, -19.12440016030694], [19, 40, 19.659261040231122], [28, 40, -20.0], [1, 25, 19.23802549494024], [20, 89, 13.425934130987962], [15, 40, -19.77321327985891], [19, 58, -11.675502638337381], [36, 47, 10.641119617799784], [11, 27, 0.855844590637254], [33, 41, -3.193280913242905], [22, 40, 17.119911916038973], [17, 64, -13.86469685563631], [17, 40, -5.784273779554853], [33, 12, -18.649044564592252], [35, 65, -18.170339413117343], [3, 0, -18.64346309972938], [11, 83, 12.852560798032833], [37, 39, 2.381581269424906], [37, 55, 19.306627707681685], [3, 1, -2.3619332946816414], [5, 23, -8.023660470573654], [32, 31, -2.7001714711595923], [7, 44, -7.626182660741588], [36, 17, -6.819328027517793], [0, 47, 15.254417214778321], [0, 51, 20.0], [1, 67, -1.9058799303939153], [0, 44, 20.0], [0, 43, -19.598325190861917], [0, 48, 3.6903152889155564]]
 output
 [ 99.66550399  99.56680415 100.01975376  99.99905564 100.01084595
 100.07036633 100.01149091 100.01434774  99.40109748 100.20914816
 100.53275041 100.90840038 100.07656572  99.39222976  99.37792411
  99.23576226 100.25050709  99.32563518  99.65333798 100.00781097
  99.69101499  99.30449446 100.26623741  99.62558157  99.33695876
  99.68580232  99.4175668   99.48124643  99.33567475  99.23396921
  99.20033915  99.51483561  99.38691483  99.11807481  99.47558235
  99.59144206  99.86237966  98.41823391  98.32066698  98.80157084
  97.82564969  98.03118801  97.80805297  97.4146351   97.39350651
  97.39378644  97.39362942  97.39344348  97.39320662  97.39298429
  97.39393397  97.39357992  99.98832114  97.92208716  95.38322117
  95.77456254  96.55677821  96.40493547  97.94358352  99.85896419
 100.29997173  99.9736293   95.32827719  99.53804137 100.00873546
  96.51075894  98.05831291 100.02879057  95.49427741  99.32868434
  99.3204937   99.70406896  99.31673612 100.28854913  99.88507511
  99.44263955  99.60974014  99.33102988 100.00318025  99.43591289
 100.34138375 100.51929126  99.98770051 100.00518053  99.78639759
  99.96659918  99.96792289  99.88743401 100.08446574 100.02609844
  99.30495145 100.08164167  98.57175878  99.79405951  97.61005564
  98.59491646  99.93470223  99.78518368  98.21927271  99.85159525]
最小値:95.32827719267806
入力値:[0, 40, -15.930416335578446]
経過時間:346.82828664779663sec
num_evaluation of BBF = 100.0
 input
[[39, 90, -14.87502208282573], [39, 23, -4.136770908158951], [15, 64, 17.42156283224128], [33, 30, 0.9819263829148603], [17, 22, 1.376556357880684], [36, 44, -2.7720573126116577], [37, 75, 8.638820638734575], [31, 9, 0.7261019576755636], [34, 80, 13.184134375767357], [11, 6, 6.821121602757824], [3, 61, 12.351247038820894], [39, 90, 13.339988754740588], [14, 80, 11.66755410909952], [34, 80, 13.270056154701784], [34, 80, 15.5571504988121], [33, 78, 15.469223432672493], [31, 7, 18.769435524131588], [32, 84, 17.191926458108433], [32, 70, 19.587002680297743], [32, 96, 14.355455776943927], [32, 79, 12.781118448039301], [33, 79, 17.039106843243246], [34, 71, 14.584432145051615], [33, 84, 18.785578290942496], [34, 78, 16.775416504537937], [31, 86, 20.0], [33, 78, 14.095689321324201], [30, 82, 16.59259831319239], [32, 77, 17.22520921893939], [32, 85, 14.676241786378128], [31, 86, 15.124737184512483], [29, 88, 12.595364599321442], [39, 20, -11.786487738021993], [39, 27, -12.355354579135886], [39, 26, -15.619321021620486], [39, 27, -9.835571542085727], [37, 27, -12.988378486552499], [39, 30, -13.171354699468813], [39, 32, -13.669015791453809], [39, 32, -12.485981654844423], [39, 31, -14.649368511085981], [39, 31, -16.02012316532331], [39, 31, -14.954802037923152], [39, 30, -14.952580800632852], [39, 30, -15.327483801394159], [39, 30, -15.320876604434435], [39, 30, -15.324766462693047], [39, 30, -15.328941767180757], [39, 30, -15.333692337054465], [39, 30, -15.339695689065731], [39, 30, -15.347465416398098], [39, 30, -15.351818971747157], [1, 74, -19.105329470969597], [0, 43, -17.79868495011941], [0, 40, -15.904126360058644], [0, 39, -15.284515287339914], [0, 40, -14.797545343058834], [0, 39, -16.96224787949703], [2, 40, -15.929644798562638], [12, 50, -12.626424605840887], [0, 38, -8.274559524503378], [12, 34, -20.0], [0, 40, -15.930416335578446], [0, 36, -15.130881622727882], [10, 96, -1.4709802351348422], [0, 40, -16.494239504209112], [0, 39, -16.032647954023073], [13, 96, -8.333645513892371], [0, 40, -20.0], [35, 59, -17.488733654769817], [0, 18, -19.12440016030694], [19, 40, 19.659261040231122], [28, 40, -20.0], [1, 25, 19.23802549494024], [20, 89, 13.425934130987962], [15, 40, -19.77321327985891], [19, 58, -11.675502638337381], [36, 47, 10.641119617799784], [11, 27, 0.855844590637254], [33, 41, -3.193280913242905], [22, 40, 17.119911916038973], [17, 64, -13.86469685563631], [17, 40, -5.784273779554853], [33, 12, -18.649044564592252], [35, 65, -18.170339413117343], [3, 0, -18.64346309972938], [11, 83, 12.852560798032833], [37, 39, 2.381581269424906], [37, 55, 19.306627707681685], [3, 1, -2.3619332946816414], [5, 23, -8.023660470573654], [32, 31, -2.7001714711595923], [7, 44, -7.626182660741588], [36, 17, -6.819328027517793], [0, 47, 15.254417214778321], [0, 51, 20.0], [1, 67, -1.9058799303939153], [0, 44, 20.0], [0, 43, -19.598325190861917], [0, 48, 3.6903152889155564], [36, 38, 3.9627051714135177], [1, 85, -17.117937379302326], [37, 82, -18.940706362547555], [0, 40, -19.918898920871356], [5, 49, 18.906896697231936], [36, 16, 11.92740740788107], [23, 1, -18.16648484531644], [0, 96, 20.0], [1, 1, 19.32495688060834], [24, 96, -17.28446349595877], [16, 18, 15.471731538913772], [19, 13, 18.764418271495103], [18, 0, 19.562346908025113], [7, 13, 20.0], [8, 12, -17.033990170365474], [0, 15, 20.0], [0, 10, 20.0], [11, 15, 20.0], [0, 41, -20.0], [1, 13, 20.0], [23, 16, 20.0], [21, 14, -16.315577908970486], [6, 11, 20.0], [0, 40, -19.684181394464446], [27, 51, -20.0], [39, 0, -20.0], [23, 75, -20.0], [26, 23, 20.0], [0, 79, 20.0], [27, 61, 20.0], [24, 84, -20.0], [0, 94, -20.0], [20, 50, 20.0], [10, 72, 20.0], [22, 31, -20.0], [5, 15, 7.11274986993962], [0, 56, -20.0], [22, 72, 20.0], [19, 32, 20.0], [39, 52, -20.0], [39, 63, 20.0], [39, 0, 20.0], [2, 88, 20.0], [14, 11, 20.0], [11, 73, -18.947875279442826], [24, 11, 20.0], [10, 40, 19.16761196815345], [13, 86, -19.037793779257665], [29, 46, 19.81848135839791], [0, 8, -19.23139368392008]]
 output
 [ 99.66550399  99.56680415 100.01975376  99.99905564 100.01084595
 100.07036633 100.01149091 100.01434774  99.40109748 100.20914816
 100.53275041 100.90840038 100.07656572  99.39222976  99.37792411
  99.23576226 100.25050709  99.32563518  99.65333798 100.00781097
  99.69101499  99.30449446 100.26623741  99.62558157  99.33695876
  99.68580232  99.4175668   99.48124643  99.33567475  99.23396921
  99.20033915  99.51483561  99.38691483  99.11807481  99.47558235
  99.59144206  99.86237966  98.41823391  98.32066698  98.80157084
  97.82564969  98.03118801  97.80805297  97.4146351   97.39350651
  97.39378644  97.39362942  97.39344348  97.39320662  97.39298429
  97.39393397  97.39357992  99.98832114  97.92208716  95.38322117
  95.77456254  96.55677821  96.40493547  97.94358352  99.85896419
 100.29997173  99.9736293   95.32827719  99.53804137 100.00873546
  96.51075894  98.05831291 100.02879057  95.49427741  99.32868434
  99.3204937   99.70406896  99.31673612 100.28854913  99.88507511
  99.44263955  99.60974014  99.33102988 100.00318025  99.43591289
 100.34138375 100.51929126  99.98770051 100.00518053  99.78639759
  99.96659918  99.96792289  99.88743401 100.08446574 100.02609844
  99.30495145 100.08164167  98.57175878  99.79405951  97.61005564
  98.59491646  99.93470223  99.78518368  98.21927271  99.85159525
  99.99265184  99.689525    99.87301545  94.99418345 100.55564923
 100.02144023 104.7815569  100.01306443 100.3292265   99.96336643
  98.75658916  97.4683023  108.47838989  96.29361177 100.17339441
  98.27298088  99.6937949  101.72176717  96.19549112  98.56755249
  97.98421276 102.78682556  96.6626892   93.5181478  100.66815875
 100.00499926  99.92870684 100.31689415 100.099028   100.42107475
 100.14320192 100.18321195  99.56402666  99.69476815  99.2732345
  98.95890412  99.73635651 100.64011926  99.66772142 100.5590109
 100.11562741 100.17735127 100.71008499 100.88581579  99.88973515
  98.37490591 100.15821764  99.99509191  99.84344099  99.90108706]
最小値:93.51814779945047
入力値:[0, 40, -19.684181394464446]
経過時間:373.0742049217224sec
num_evaluation of BBF = 150.0
 input
[[39, 90, -14.87502208282573], [39, 23, -4.136770908158951], [15, 64, 17.42156283224128], [33, 30, 0.9819263829148603], [17, 22, 1.376556357880684], [36, 44, -2.7720573126116577], [37, 75, 8.638820638734575], [31, 9, 0.7261019576755636], [34, 80, 13.184134375767357], [11, 6, 6.821121602757824], [3, 61, 12.351247038820894], [39, 90, 13.339988754740588], [14, 80, 11.66755410909952], [34, 80, 13.270056154701784], [34, 80, 15.5571504988121], [33, 78, 15.469223432672493], [31, 7, 18.769435524131588], [32, 84, 17.191926458108433], [32, 70, 19.587002680297743], [32, 96, 14.355455776943927], [32, 79, 12.781118448039301], [33, 79, 17.039106843243246], [34, 71, 14.584432145051615], [33, 84, 18.785578290942496], [34, 78, 16.775416504537937], [31, 86, 20.0], [33, 78, 14.095689321324201], [30, 82, 16.59259831319239], [32, 77, 17.22520921893939], [32, 85, 14.676241786378128], [31, 86, 15.124737184512483], [29, 88, 12.595364599321442], [39, 20, -11.786487738021993], [39, 27, -12.355354579135886], [39, 26, -15.619321021620486], [39, 27, -9.835571542085727], [37, 27, -12.988378486552499], [39, 30, -13.171354699468813], [39, 32, -13.669015791453809], [39, 32, -12.485981654844423], [39, 31, -14.649368511085981], [39, 31, -16.02012316532331], [39, 31, -14.954802037923152], [39, 30, -14.952580800632852], [39, 30, -15.327483801394159], [39, 30, -15.320876604434435], [39, 30, -15.324766462693047], [39, 30, -15.328941767180757], [39, 30, -15.333692337054465], [39, 30, -15.339695689065731], [39, 30, -15.347465416398098], [39, 30, -15.351818971747157], [1, 74, -19.105329470969597], [0, 43, -17.79868495011941], [0, 40, -15.904126360058644], [0, 39, -15.284515287339914], [0, 40, -14.797545343058834], [0, 39, -16.96224787949703], [2, 40, -15.929644798562638], [12, 50, -12.626424605840887], [0, 38, -8.274559524503378], [12, 34, -20.0], [0, 40, -15.930416335578446], [0, 36, -15.130881622727882], [10, 96, -1.4709802351348422], [0, 40, -16.494239504209112], [0, 39, -16.032647954023073], [13, 96, -8.333645513892371], [0, 40, -20.0], [35, 59, -17.488733654769817], [0, 18, -19.12440016030694], [19, 40, 19.659261040231122], [28, 40, -20.0], [1, 25, 19.23802549494024], [20, 89, 13.425934130987962], [15, 40, -19.77321327985891], [19, 58, -11.675502638337381], [36, 47, 10.641119617799784], [11, 27, 0.855844590637254], [33, 41, -3.193280913242905], [22, 40, 17.119911916038973], [17, 64, -13.86469685563631], [17, 40, -5.784273779554853], [33, 12, -18.649044564592252], [35, 65, -18.170339413117343], [3, 0, -18.64346309972938], [11, 83, 12.852560798032833], [37, 39, 2.381581269424906], [37, 55, 19.306627707681685], [3, 1, -2.3619332946816414], [5, 23, -8.023660470573654], [32, 31, -2.7001714711595923], [7, 44, -7.626182660741588], [36, 17, -6.819328027517793], [0, 47, 15.254417214778321], [0, 51, 20.0], [1, 67, -1.9058799303939153], [0, 44, 20.0], [0, 43, -19.598325190861917], [0, 48, 3.6903152889155564], [36, 38, 3.9627051714135177], [1, 85, -17.117937379302326], [37, 82, -18.940706362547555], [0, 40, -19.918898920871356], [5, 49, 18.906896697231936], [36, 16, 11.92740740788107], [23, 1, -18.16648484531644], [0, 96, 20.0], [1, 1, 19.32495688060834], [24, 96, -17.28446349595877], [16, 18, 15.471731538913772], [19, 13, 18.764418271495103], [18, 0, 19.562346908025113], [7, 13, 20.0], [8, 12, -17.033990170365474], [0, 15, 20.0], [0, 10, 20.0], [11, 15, 20.0], [0, 41, -20.0], [1, 13, 20.0], [23, 16, 20.0], [21, 14, -16.315577908970486], [6, 11, 20.0], [0, 40, -19.684181394464446], [27, 51, -20.0], [39, 0, -20.0], [23, 75, -20.0], [26, 23, 20.0], [0, 79, 20.0], [27, 61, 20.0], [24, 84, -20.0], [0, 94, -20.0], [20, 50, 20.0], [10, 72, 20.0], [22, 31, -20.0], [5, 15, 7.11274986993962], [0, 56, -20.0], [22, 72, 20.0], [19, 32, 20.0], [39, 52, -20.0], [39, 63, 20.0], [39, 0, 20.0], [2, 88, 20.0], [14, 11, 20.0], [11, 73, -18.947875279442826], [24, 11, 20.0], [10, 40, 19.16761196815345], [13, 86, -19.037793779257665], [29, 46, 19.81848135839791], [0, 8, -19.23139368392008], [0, 27, -19.230015440269], [9, 59, -19.84697919605591], [21, 96, 18.044449988256176], [26, 64, -19.998732678366142], [36, 96, -17.314544220555867], [13, 55, 17.695204049143754], [39, 72, -19.86736667932785], [28, 23, -19.327018679848983], [27, 24, -20.0], [29, 22, -18.972538985816602], [28, 23, -15.28537381050043], [28, 23, -19.201646803706787], [28, 24, -20.0], [28, 22, -20.0], [28, 23, -19.69992433030826], [28, 23, -20.0], [5, 11, 7.7002750584357], [25, 76, -10.772604765723834], [28, 58, 4.879494442198158], [13, 29, 9.77847859882846], [10, 30, 18.908128072576112], [37, 40, 4.402334966695236], [31, 69, -0.7801034004836005], [28, 80, 14.845665951660322], [22, 33, -12.77225286639468], [27, 67, 18.27615651020818], [11, 6, -11.210333229693116], [29, 77, -3.61320448440415], [8, 87, 0.9501600778356476], [0, 40, -17.92480870368732], [25, 45, -0.5971777599249322], [30, 23, -20.0], [21, 37, -6.434485925663298], [28, 63, 8.387159494776032], [31, 15, -16.8277699642552], [29, 23, -20.0], [12, 7, -2.965339535122567], [24, 22, -20.0], [23, 23, -20.0], [27, 20, -20.0], [27, 18, -16.010504499842483], [39, 9, 17.71822163233726], [0, 32, 18.42577032340528], [1, 72, 19.782472438642152], [29, 19, 11.484720454869471], [39, 29, 18.175800753452698], [6, 80, -19.899679753624493], [39, 8, -19.701055052689593], [29, 89, -18.883638782868655], [12, 19, -18.646269063003572]]
 output
 [ 99.66550399  99.56680415 100.01975376  99.99905564 100.01084595
 100.07036633 100.01149091 100.01434774  99.40109748 100.20914816
 100.53275041 100.90840038 100.07656572  99.39222976  99.37792411
  99.23576226 100.25050709  99.32563518  99.65333798 100.00781097
  99.69101499  99.30449446 100.26623741  99.62558157  99.33695876
  99.68580232  99.4175668   99.48124643  99.33567475  99.23396921
  99.20033915  99.51483561  99.38691483  99.11807481  99.47558235
  99.59144206  99.86237966  98.41823391  98.32066698  98.80157084
  97.82564969  98.03118801  97.80805297  97.4146351   97.39350651
  97.39378644  97.39362942  97.39344348  97.39320662  97.39298429
  97.39393397  97.39357992  99.98832114  97.92208716  95.38322117
  95.77456254  96.55677821  96.40493547  97.94358352  99.85896419
 100.29997173  99.9736293   95.32827719  99.53804137 100.00873546
  96.51075894  98.05831291 100.02879057  95.49427741  99.32868434
  99.3204937   99.70406896  99.31673612 100.28854913  99.88507511
  99.44263955  99.60974014  99.33102988 100.00318025  99.43591289
 100.34138375 100.51929126  99.98770051 100.00518053  99.78639759
  99.96659918  99.96792289  99.88743401 100.08446574 100.02609844
  99.30495145 100.08164167  98.57175878  99.79405951  97.61005564
  98.59491646  99.93470223  99.78518368  98.21927271  99.85159525
  99.99265184  99.689525    99.87301545  94.99418345 100.55564923
 100.02144023 104.7815569  100.01306443 100.3292265   99.96336643
  98.75658916  97.4683023  108.47838989  96.29361177 100.17339441
  98.27298088  99.6937949  101.72176717  96.19549112  98.56755249
  97.98421276 102.78682556  96.6626892   93.5181478  100.66815875
 100.00499926  99.92870684 100.31689415 100.099028   100.42107475
 100.14320192 100.18321195  99.56402666  99.69476815  99.2732345
  98.95890412  99.73635651 100.64011926  99.66772142 100.5590109
 100.11562741 100.17735127 100.71008499 100.88581579  99.88973515
  98.37490591 100.15821764  99.99509191  99.84344099  99.90108706
  98.43994942 100.51007733 100.02855547 100.13001778  99.99040198
 100.47813789  99.799463    93.27732966  97.74106647  96.91646903
  94.35672821  93.30305284  94.58642279  96.06109996  93.113298
  93.67286132  99.15810322 100.03208962 100.12650879 100.01131374
 100.51328555  99.83394406  99.97933886  99.77497308 100.14305674
 100.05508775  99.405827    99.97962976 100.01996046  96.6533372
  99.95741834  94.17899449  99.79209411 100.00195879  97.63920558
  97.52840049  99.78036167  94.33817571  98.16273866  90.21582288
  97.55450854 100.42018168  99.75789278  99.89444477  99.89559905
 100.63647967 100.07587386  99.65718333 100.28166773  99.76333135]
最小値:90.21582288139061
入力値:[27, 20, -20.0]
経過時間:429.2102601528168sec
num_evaluation of BBF = 200.0
 input
[[7, 89, 17.90922446111513], [19, 31, -13.822933076426795], [27, 12, -0.5929636160053953], [25, 79, 7.321039776378857], [19, 56, 8.790169294278371], [10, 52, -3.707686708402189], [7, 93, -8.119265715692487], [11, 11, -12.73091848875285], [19, 54, -11.126593319491837], [30, 55, -13.287067571941769], [29, 55, -17.997567967406205], [30, 60, -13.253331814424936], [4, 54, -13.1876321778156], [30, 6, -13.748943903652066], [30, 55, -12.63517117641274]]
 output
 [ 99.73873833 100.41686559  99.93219281 100.05961084 100.00434055
  99.59679508  99.99066429 100.02307232  99.48539492  98.89040779
 100.21735208  99.63381499 100.12773914 100.70338604  98.68160542]
最小値:98.68160541870354
入力値:[30, 55, -12.63517117641274]
経過時間:80.8382134437561sec
num_evaluation of BBF = 15.0
 input
[[7, 89, 17.90922446111513], [19, 31, -13.822933076426795], [27, 12, -0.5929636160053953], [25, 79, 7.321039776378857], [19, 56, 8.790169294278371], [10, 52, -3.707686708402189], [7, 93, -8.119265715692487], [11, 11, -12.73091848875285], [19, 54, -11.126593319491837], [30, 55, -13.287067571941769], [29, 55, -17.997567967406205], [30, 60, -13.253331814424936], [4, 54, -13.1876321778156], [30, 6, -13.748943903652066], [30, 55, -12.63517117641274], [32, 54, -12.207073938612059], [30, 54, -12.21819807467132], [30, 54, -11.483314520088278], [30, 54, -11.127613276787736], [30, 54, -10.481400565481714], [30, 53, -10.237892350748746], [30, 52, -9.843084682167733], [30, 53, -9.955876491723812], [30, 53, -10.377877320822375], [30, 53, -10.395330296427254], [30, 53, -10.399967142349585], [30, 53, -10.404481542880653], [30, 53, -10.40897464974605], [30, 53, -10.413592275016699], [30, 53, -10.418673653544758]]
 output
 [ 99.73873833 100.41686559  99.93219281 100.05961084 100.00434055
  99.59679508  99.99066429 100.02307232  99.48539492  98.89040779
 100.21735208  99.63381499 100.12773914 100.70338604  98.68160542
  99.86378913  97.87046462  97.21922561  96.79670964  96.50098015
  95.76807279  96.12273585  95.88779201  95.7530173   95.75261288
  95.75242708  95.75222592  95.75207231  95.75193965  95.75214568]
最小値:95.75193964871625
入力値:[30, 53, -10.413592275016699]
経過時間:86.287841796875sec
num_evaluation of BBF = 30.0
 input
[[7, 89, 17.90922446111513], [19, 31, -13.822933076426795], [27, 12, -0.5929636160053953], [25, 79, 7.321039776378857], [19, 56, 8.790169294278371], [10, 52, -3.707686708402189], [7, 93, -8.119265715692487], [11, 11, -12.73091848875285], [19, 54, -11.126593319491837], [30, 55, -13.287067571941769], [29, 55, -17.997567967406205], [30, 60, -13.253331814424936], [4, 54, -13.1876321778156], [30, 6, -13.748943903652066], [30, 55, -12.63517117641274], [32, 54, -12.207073938612059], [30, 54, -12.21819807467132], [30, 54, -11.483314520088278], [30, 54, -11.127613276787736], [30, 54, -10.481400565481714], [30, 53, -10.237892350748746], [30, 52, -9.843084682167733], [30, 53, -9.955876491723812], [30, 53, -10.377877320822375], [30, 53, -10.395330296427254], [30, 53, -10.399967142349585], [30, 53, -10.404481542880653], [30, 53, -10.40897464974605], [30, 53, -10.413592275016699], [30, 53, -10.418673653544758], [30, 53, -10.423926280314804], [30, 53, -10.431174381117396], [29, 53, -10.441720617616095], [30, 53, -10.442534416995056], [30, 53, -10.454989181303205], [39, 88, 14.464047119913623], [39, 13, 9.5219529359014], [30, 91, -10.02607620135241], [30, 53, -10.466767265146768], [30, 52, -10.491511674504316], [30, 52, -10.587936657664102], [30, 52, -11.158704678762115], [30, 50, -12.414361320907513], [2, 3, 19.161199533299822], [15, 96, -16.06726581690839], [17, 0, 18.741953453286072], [0, 6, -19.801648465561435], [0, 58, 18.444960423980177], [16, 95, 19.360387729267067], [39, 90, -19.054353565437395]]
 output
 [ 99.73873833 100.41686559  99.93219281 100.05961084 100.00434055
  99.59679508  99.99066429 100.02307232  99.48539492  98.89040779
 100.21735208  99.63381499 100.12773914 100.70338604  98.68160542
  99.86378913  97.87046462  97.21922561  96.79670964  96.50098015
  95.76807279  96.12273585  95.88779201  95.7530173   95.75261288
  95.75242708  95.75222592  95.75207231  95.75193965  95.75214568
  95.75185667  95.751451    98.86518306  95.75092253  95.75022077
 100.96938623  99.72199896 100.30609038  95.74920957  95.75154801
  95.70395009  95.53794137  96.41486395 100.80808023 100.04446388
 109.98949792  99.93592892 101.61825792 100.34669518  99.2440821 ]
最小値:95.53794137133758
入力値:[30, 52, -11.158704678762115]
経過時間:123.33577728271484sec
num_evaluation of BBF = 50.0
 input
[[7, 89, 17.90922446111513], [19, 31, -13.822933076426795], [27, 12, -0.5929636160053953], [25, 79, 7.321039776378857], [19, 56, 8.790169294278371], [10, 52, -3.707686708402189], [7, 93, -8.119265715692487], [11, 11, -12.73091848875285], [19, 54, -11.126593319491837], [30, 55, -13.287067571941769], [29, 55, -17.997567967406205], [30, 60, -13.253331814424936], [4, 54, -13.1876321778156], [30, 6, -13.748943903652066], [30, 55, -12.63517117641274], [32, 54, -12.207073938612059], [30, 54, -12.21819807467132], [30, 54, -11.483314520088278], [30, 54, -11.127613276787736], [30, 54, -10.481400565481714], [30, 53, -10.237892350748746], [30, 52, -9.843084682167733], [30, 53, -9.955876491723812], [30, 53, -10.377877320822375], [30, 53, -10.395330296427254], [30, 53, -10.399967142349585], [30, 53, -10.404481542880653], [30, 53, -10.40897464974605], [30, 53, -10.413592275016699], [30, 53, -10.418673653544758], [30, 53, -10.423926280314804], [30, 53, -10.431174381117396], [29, 53, -10.441720617616095], [30, 53, -10.442534416995056], [30, 53, -10.454989181303205], [39, 88, 14.464047119913623], [39, 13, 9.5219529359014], [30, 91, -10.02607620135241], [30, 53, -10.466767265146768], [30, 52, -10.491511674504316], [30, 52, -10.587936657664102], [30, 52, -11.158704678762115], [30, 50, -12.414361320907513], [2, 3, 19.161199533299822], [15, 96, -16.06726581690839], [17, 0, 18.741953453286072], [0, 6, -19.801648465561435], [0, 58, 18.444960423980177], [16, 95, 19.360387729267067], [39, 90, -19.054353565437395], [39, 30, -19.609906471415087], [38, 37, -17.43424947967979], [39, 22, -20.0], [33, 37, -8.452968837046239], [33, 36, -8.170143081340981], [33, 37, -8.531072053672325], [33, 37, -9.750255325302607], [33, 37, -8.96460650418381], [33, 37, -9.127564915127472], [33, 37, -8.900164013535097], [33, 38, -8.950447315127093], [33, 37, -8.969487580831634], [33, 37, -8.962909548882905], [33, 37, -8.964495932806816], [32, 37, 13.001276828887903], [33, 37, -8.965131380791346], [33, 37, -8.96532908975895], [33, 37, -8.965494964685835], [32, 37, -8.966028416183452], [33, 37, 18.308331663055704], [33, 37, -8.965701145318679], [33, 37, -8.965889516845264], [33, 37, -8.966210460714183], [33, 37, -8.966670020556036], [33, 37, -8.967278576701164], [33, 37, -8.968006563254816], [33, 36, -8.964544435410042], [33, 37, -8.960771469029291], [33, 37, -8.96210794653452], [33, 37, -8.963391307427393], [33, 37, -9.419214125238335], [33, 37, -8.964529962502581], [33, 37, -8.965514863216448], [33, 37, -8.966480200208196], [33, 37, -8.967553215417157], [33, 37, -8.969022242810032], [33, 37, -8.971901174156232], [33, 37, -8.980198161589337], [33, 37, -8.99580061863789], [33, 37, -8.987411182097482], [33, 37, -8.991795026151003], [33, 37, -8.99396373393788], [33, 37, -8.996081053506966], [33, 37, -8.998695282900114], [33, 37, -9.0019878512155], [33, 37, -9.00587393793883], [33, 37, -9.009771380212857], [33, 37, -9.012731382491793], [33, 37, -9.014842150267764], [33, 37, -9.016721037748557]]
 output
 [ 99.73873833 100.41686559  99.93219281 100.05961084 100.00434055
  99.59679508  99.99066429 100.02307232  99.48539492  98.89040779
 100.21735208  99.63381499 100.12773914 100.70338604  98.68160542
  99.86378913  97.87046462  97.21922561  96.79670964  96.50098015
  95.76807279  96.12273585  95.88779201  95.7530173   95.75261288
  95.75242708  95.75222592  95.75207231  95.75193965  95.75214568
  95.75185667  95.751451    98.86518306  95.75092253  95.75022077
 100.96938623  99.72199896 100.30609038  95.74920957  95.75154801
  95.70395009  95.53794137  96.41486395 100.80808023 100.04446388
 109.98949792  99.93592892 101.61825792 100.34669518  99.2440821
  97.82087267  99.75757287  98.33514601  88.75500003  96.63904695
  88.50243071  89.44864233  86.31370474  87.56685748  86.63086264
  92.44693865  86.39914632  86.29744489  86.31207054 100.16552303
  86.32081765  86.32311555  86.32535583 100.00514197  99.40630575
  86.32875564  86.33128403  86.33626344  86.34362952  86.35452246
  86.36728765  91.89900827  86.27864758  86.28883461  86.29742363
  88.84167609  86.31252385  86.32580225  86.34084291  86.35973641
  86.39011024  86.44596584  86.58209096  86.74247366  86.66948257
  86.71439465  86.7323595   86.74533153  86.77097351  86.80073848
  86.83005595  86.85604493  86.87579278  86.88706556  86.89573224]
最小値:86.27864757765485
入力値:[33, 37, -8.960771469029291]
経過時間:339.1535964012146sec
num_evaluation of BBF = 100.0
 input
[[7, 89, 17.90922446111513], [19, 31, -13.822933076426795], [27, 12, -0.5929636160053953], [25, 79, 7.321039776378857], [19, 56, 8.790169294278371], [10, 52, -3.707686708402189], [7, 93, -8.119265715692487], [11, 11, -12.73091848875285], [19, 54, -11.126593319491837], [30, 55, -13.287067571941769], [29, 55, -17.997567967406205], [30, 60, -13.253331814424936], [4, 54, -13.1876321778156], [30, 6, -13.748943903652066], [30, 55, -12.63517117641274], [32, 54, -12.207073938612059], [30, 54, -12.21819807467132], [30, 54, -11.483314520088278], [30, 54, -11.127613276787736], [30, 54, -10.481400565481714], [30, 53, -10.237892350748746], [30, 52, -9.843084682167733], [30, 53, -9.955876491723812], [30, 53, -10.377877320822375], [30, 53, -10.395330296427254], [30, 53, -10.399967142349585], [30, 53, -10.404481542880653], [30, 53, -10.40897464974605], [30, 53, -10.413592275016699], [30, 53, -10.418673653544758], [30, 53, -10.423926280314804], [30, 53, -10.431174381117396], [29, 53, -10.441720617616095], [30, 53, -10.442534416995056], [30, 53, -10.454989181303205], [39, 88, 14.464047119913623], [39, 13, 9.5219529359014], [30, 91, -10.02607620135241], [30, 53, -10.466767265146768], [30, 52, -10.491511674504316], [30, 52, -10.587936657664102], [30, 52, -11.158704678762115], [30, 50, -12.414361320907513], [2, 3, 19.161199533299822], [15, 96, -16.06726581690839], [17, 0, 18.741953453286072], [0, 6, -19.801648465561435], [0, 58, 18.444960423980177], [16, 95, 19.360387729267067], [39, 90, -19.054353565437395], [39, 30, -19.609906471415087], [38, 37, -17.43424947967979], [39, 22, -20.0], [33, 37, -8.452968837046239], [33, 36, -8.170143081340981], [33, 37, -8.531072053672325], [33, 37, -9.750255325302607], [33, 37, -8.96460650418381], [33, 37, -9.127564915127472], [33, 37, -8.900164013535097], [33, 38, -8.950447315127093], [33, 37, -8.969487580831634], [33, 37, -8.962909548882905], [33, 37, -8.964495932806816], [32, 37, 13.001276828887903], [33, 37, -8.965131380791346], [33, 37, -8.96532908975895], [33, 37, -8.965494964685835], [32, 37, -8.966028416183452], [33, 37, 18.308331663055704], [33, 37, -8.965701145318679], [33, 37, -8.965889516845264], [33, 37, -8.966210460714183], [33, 37, -8.966670020556036], [33, 37, -8.967278576701164], [33, 37, -8.968006563254816], [33, 36, -8.964544435410042], [33, 37, -8.960771469029291], [33, 37, -8.96210794653452], [33, 37, -8.963391307427393], [33, 37, -9.419214125238335], [33, 37, -8.964529962502581], [33, 37, -8.965514863216448], [33, 37, -8.966480200208196], [33, 37, -8.967553215417157], [33, 37, -8.969022242810032], [33, 37, -8.971901174156232], [33, 37, -8.980198161589337], [33, 37, -8.99580061863789], [33, 37, -8.987411182097482], [33, 37, -8.991795026151003], [33, 37, -8.99396373393788], [33, 37, -8.996081053506966], [33, 37, -8.998695282900114], [33, 37, -9.0019878512155], [33, 37, -9.00587393793883], [33, 37, -9.009771380212857], [33, 37, -9.012731382491793], [33, 37, -9.014842150267764], [33, 37, -9.016721037748557], [33, 37, -9.018524921919337], [33, 37, -9.020232596871738], [33, 37, -9.02190792170034], [33, 37, -9.022212205463955], [33, 37, -9.020794603386072], [33, 37, -9.019170877163305], [33, 37, -9.017406365855408], [33, 37, -9.015785811682065], [33, 37, -9.014465476984522], [33, 37, -9.013449219086603], [33, 37, -9.012696504534382], [34, 37, -9.012126511177348], [33, 35, -10.107285745711112], [0, 42, -2.954214470097707], [33, 39, -9.857255987793106], [14, 4, 4.268108552217647], [12, 85, 10.351735005536604], [16, 22, -2.273267870532244], [37, 63, 2.1643276603525337], [6, 33, 4.65049025086849], [12, 72, 3.1897708353224665], [8, 28, 11.873876406547787], [4, 82, 10.484997462410668], [7, 23, -3.0618787580946645], [24, 38, 4.127441236535056], [29, 82, -2.7488163844729776], [37, 9, 17.20584333106936], [29, 65, 19.182164989199343], [18, 87, -1.5294640959437267], [0, 90, -1.5192702638045077], [15, 45, -18.81210653868779], [33, 38, -8.317137532711458], [24, 96, 14.073670712706075], [25, 38, 16.93924983065856], [23, 73, -15.052489034348232], [10, 56, 18.876433848042502], [29, 62, 2.894588449503324], [39, 60, 11.007962833539988], [18, 31, 16.247301413213734], [38, 2, -8.703610508082232], [20, 11, -8.570671585609492], [38, 83, -10.508106108260142], [5, 3, 4.987884762204246], [15, 12, -19.74945902150163], [39, 91, 6.4494556748036125], [33, 41, -7.605965958216183], [1, 57, 6.049275009727758], [35, 10, 3.4959649969695548], [3, 71, -6.444192060883413], [3, 86, -16.96544604520187]]
 output
 [ 99.73873833 100.41686559  99.93219281 100.05961084 100.00434055
  99.59679508  99.99066429 100.02307232  99.48539492  98.89040779
 100.21735208  99.63381499 100.12773914 100.70338604  98.68160542
  99.86378913  97.87046462  97.21922561  96.79670964  96.50098015
  95.76807279  96.12273585  95.88779201  95.7530173   95.75261288
  95.75242708  95.75222592  95.75207231  95.75193965  95.75214568
  95.75185667  95.751451    98.86518306  95.75092253  95.75022077
 100.96938623  99.72199896 100.30609038  95.74920957  95.75154801
  95.70395009  95.53794137  96.41486395 100.80808023 100.04446388
 109.98949792  99.93592892 101.61825792 100.34669518  99.2440821
  97.82087267  99.75757287  98.33514601  88.75500003  96.63904695
  88.50243071  89.44864233  86.31370474  87.56685748  86.63086264
  92.44693865  86.39914632  86.29744489  86.31207054 100.16552303
  86.32081765  86.32311555  86.32535583 100.00514197  99.40630575
  86.32875564  86.33128403  86.33626344  86.34362952  86.35452246
  86.36728765  91.89900827  86.27864758  86.28883461  86.29742363
  88.84167609  86.31252385  86.32580225  86.34084291  86.35973641
  86.39011024  86.44596584  86.58209096  86.74247366  86.66948257
  86.71439465  86.7323595   86.74533153  86.77097351  86.80073848
  86.83005595  86.85604493  86.87579278  86.88706556  86.89573224
  86.90162837  86.90773804  86.91278237  86.91335026  86.90947766
  86.90431978  86.89875677  86.89146764  86.88510721  86.87956221
  86.87563598  99.89341675  98.13444511  99.6185095   98.00295522
 101.07715969 100.04481019  99.87731572  99.9748008   99.93811067
 100.04489666  99.44874323 100.38274723  99.90068257  99.86592941
  99.97586599 100.99738656 100.42362526 100.01170577  99.99253072
 100.06254506  91.05209838 100.02265578 100.07878272 100.4091439
  98.50937831 100.01390515  99.95622872  99.72002872  99.82391939
  99.95800786  99.85221231 100.26245299  98.12439021 100.28866253
  99.42221586 100.00035044  99.94410914  99.90424787  99.64585624]
最小値:86.27864757765485
入力値:[33, 37, -8.960771469029291]
経過時間:364.4982900619507sec
num_evaluation of BBF = 150.0
 input
[[7, 89, 17.90922446111513], [19, 31, -13.822933076426795], [27, 12, -0.5929636160053953], [25, 79, 7.321039776378857], [19, 56, 8.790169294278371], [10, 52, -3.707686708402189], [7, 93, -8.119265715692487], [11, 11, -12.73091848875285], [19, 54, -11.126593319491837], [30, 55, -13.287067571941769], [29, 55, -17.997567967406205], [30, 60, -13.253331814424936], [4, 54, -13.1876321778156], [30, 6, -13.748943903652066], [30, 55, -12.63517117641274], [32, 54, -12.207073938612059], [30, 54, -12.21819807467132], [30, 54, -11.483314520088278], [30, 54, -11.127613276787736], [30, 54, -10.481400565481714], [30, 53, -10.237892350748746], [30, 52, -9.843084682167733], [30, 53, -9.955876491723812], [30, 53, -10.377877320822375], [30, 53, -10.395330296427254], [30, 53, -10.399967142349585], [30, 53, -10.404481542880653], [30, 53, -10.40897464974605], [30, 53, -10.413592275016699], [30, 53, -10.418673653544758], [30, 53, -10.423926280314804], [30, 53, -10.431174381117396], [29, 53, -10.441720617616095], [30, 53, -10.442534416995056], [30, 53, -10.454989181303205], [39, 88, 14.464047119913623], [39, 13, 9.5219529359014], [30, 91, -10.02607620135241], [30, 53, -10.466767265146768], [30, 52, -10.491511674504316], [30, 52, -10.587936657664102], [30, 52, -11.158704678762115], [30, 50, -12.414361320907513], [2, 3, 19.161199533299822], [15, 96, -16.06726581690839], [17, 0, 18.741953453286072], [0, 6, -19.801648465561435], [0, 58, 18.444960423980177], [16, 95, 19.360387729267067], [39, 90, -19.054353565437395], [39, 30, -19.609906471415087], [38, 37, -17.43424947967979], [39, 22, -20.0], [33, 37, -8.452968837046239], [33, 36, -8.170143081340981], [33, 37, -8.531072053672325], [33, 37, -9.750255325302607], [33, 37, -8.96460650418381], [33, 37, -9.127564915127472], [33, 37, -8.900164013535097], [33, 38, -8.950447315127093], [33, 37, -8.969487580831634], [33, 37, -8.962909548882905], [33, 37, -8.964495932806816], [32, 37, 13.001276828887903], [33, 37, -8.965131380791346], [33, 37, -8.96532908975895], [33, 37, -8.965494964685835], [32, 37, -8.966028416183452], [33, 37, 18.308331663055704], [33, 37, -8.965701145318679], [33, 37, -8.965889516845264], [33, 37, -8.966210460714183], [33, 37, -8.966670020556036], [33, 37, -8.967278576701164], [33, 37, -8.968006563254816], [33, 36, -8.964544435410042], [33, 37, -8.960771469029291], [33, 37, -8.96210794653452], [33, 37, -8.963391307427393], [33, 37, -9.419214125238335], [33, 37, -8.964529962502581], [33, 37, -8.965514863216448], [33, 37, -8.966480200208196], [33, 37, -8.967553215417157], [33, 37, -8.969022242810032], [33, 37, -8.971901174156232], [33, 37, -8.980198161589337], [33, 37, -8.99580061863789], [33, 37, -8.987411182097482], [33, 37, -8.991795026151003], [33, 37, -8.99396373393788], [33, 37, -8.996081053506966], [33, 37, -8.998695282900114], [33, 37, -9.0019878512155], [33, 37, -9.00587393793883], [33, 37, -9.009771380212857], [33, 37, -9.012731382491793], [33, 37, -9.014842150267764], [33, 37, -9.016721037748557], [33, 37, -9.018524921919337], [33, 37, -9.020232596871738], [33, 37, -9.02190792170034], [33, 37, -9.022212205463955], [33, 37, -9.020794603386072], [33, 37, -9.019170877163305], [33, 37, -9.017406365855408], [33, 37, -9.015785811682065], [33, 37, -9.014465476984522], [33, 37, -9.013449219086603], [33, 37, -9.012696504534382], [34, 37, -9.012126511177348], [33, 35, -10.107285745711112], [0, 42, -2.954214470097707], [33, 39, -9.857255987793106], [14, 4, 4.268108552217647], [12, 85, 10.351735005536604], [16, 22, -2.273267870532244], [37, 63, 2.1643276603525337], [6, 33, 4.65049025086849], [12, 72, 3.1897708353224665], [8, 28, 11.873876406547787], [4, 82, 10.484997462410668], [7, 23, -3.0618787580946645], [24, 38, 4.127441236535056], [29, 82, -2.7488163844729776], [37, 9, 17.20584333106936], [29, 65, 19.182164989199343], [18, 87, -1.5294640959437267], [0, 90, -1.5192702638045077], [15, 45, -18.81210653868779], [33, 38, -8.317137532711458], [24, 96, 14.073670712706075], [25, 38, 16.93924983065856], [23, 73, -15.052489034348232], [10, 56, 18.876433848042502], [29, 62, 2.894588449503324], [39, 60, 11.007962833539988], [18, 31, 16.247301413213734], [38, 2, -8.703610508082232], [20, 11, -8.570671585609492], [38, 83, -10.508106108260142], [5, 3, 4.987884762204246], [15, 12, -19.74945902150163], [39, 91, 6.4494556748036125], [33, 41, -7.605965958216183], [1, 57, 6.049275009727758], [35, 10, 3.4959649969695548], [3, 71, -6.444192060883413], [3, 86, -16.96544604520187], [37, 32, -0.7751247043930896], [4, 35, -19.638298891993813], [14, 74, -7.973880861955676], [2, 17, -9.915253433187726], [9, 68, -17.156909906114045], [33, 37, -9.542926392883412], [36, 39, 6.192406018059465], [27, 15, 13.569646773782203], [11, 17, 19.548832589176556], [19, 72, 17.57737675778357], [32, 72, 10.00064207446616], [19, 60, -1.8727863057034497], [31, 87, -18.287250982150397], [16, 29, 7.6418337679545445], [3, 32, 18.234690183956353], [17, 72, -19.77623232801026], [24, 40, -5.163089836316852], [11, 52, 9.563325042293421], [0, 35, 11.745722677232653], [24, 17, -18.481282828578347], [39, 62, 19.17257351923324], [19, 95, 8.424954531511474], [21, 1, 12.047675407109118], [38, 63, -17.36548714194058], [0, 3, -1.5993256180629025], [8, 3, 13.458295328585315], [22, 74, -7.080546236359105], [10, 40, -11.093710968031399], [24, 16, -16.512751212847437], [22, 18, -18.58426487963257], [25, 19, -19.167152944122236], [12, 1, -4.282230643310667], [32, 95, 19.19077656397515], [35, 67, -5.134084214516388], [24, 12, -18.61526157824261], [24, 10, -18.71156265116435], [25, 11, -18.37292616267414], [25, 11, -18.81901552143035], [25, 10, -18.61608834366147], [25, 12, -18.62474132905955], [25, 12, -18.710071091923343], [25, 12, -18.629737611711775], [25, 12, -18.620757652255666], [25, 12, -18.61355809282545], [25, 12, -18.610393808851587], [25, 12, -18.608577857244384], [25, 12, -18.607422912838693], [25, 12, -18.60629818431777], [25, 12, -18.605160109817565], [25, 12, -18.602294618923214]]
 output
 [ 99.73873833 100.41686559  99.93219281 100.05961084 100.00434055
  99.59679508  99.99066429 100.02307232  99.48539492  98.89040779
 100.21735208  99.63381499 100.12773914 100.70338604  98.68160542
  99.86378913  97.87046462  97.21922561  96.79670964  96.50098015
  95.76807279  96.12273585  95.88779201  95.7530173   95.75261288
  95.75242708  95.75222592  95.75207231  95.75193965  95.75214568
  95.75185667  95.751451    98.86518306  95.75092253  95.75022077
 100.96938623  99.72199896 100.30609038  95.74920957  95.75154801
  95.70395009  95.53794137  96.41486395 100.80808023 100.04446388
 109.98949792  99.93592892 101.61825792 100.34669518  99.2440821
  97.82087267  99.75757287  98.33514601  88.75500003  96.63904695
  88.50243071  89.44864233  86.31370474  87.56685748  86.63086264
  92.44693865  86.39914632  86.29744489  86.31207054 100.16552303
  86.32081765  86.32311555  86.32535583 100.00514197  99.40630575
  86.32875564  86.33128403  86.33626344  86.34362952  86.35452246
  86.36728765  91.89900827  86.27864758  86.28883461  86.29742363
  88.84167609  86.31252385  86.32580225  86.34084291  86.35973641
  86.39011024  86.44596584  86.58209096  86.74247366  86.66948257
  86.71439465  86.7323595   86.74533153  86.77097351  86.80073848
  86.83005595  86.85604493  86.87579278  86.88706556  86.89573224
  86.90162837  86.90773804  86.91278237  86.91335026  86.90947766
  86.90431978  86.89875677  86.89146764  86.88510721  86.87956221
  86.87563598  99.89341675  98.13444511  99.6185095   98.00295522
 101.07715969 100.04481019  99.87731572  99.9748008   99.93811067
 100.04489666  99.44874323 100.38274723  99.90068257  99.86592941
  99.97586599 100.99738656 100.42362526 100.01170577  99.99253072
 100.06254506  91.05209838 100.02265578 100.07878272 100.4091439
  98.50937831 100.01390515  99.95622872  99.72002872  99.82391939
  99.95800786  99.85221231 100.26245299  98.12439021 100.28866253
  99.42221586 100.00035044  99.94410914  99.90424787  99.64585624
 100.02901642  98.2796959  100.2120029  100.17915314 100.43072373
  88.68668823 100.16609131  99.10300923  99.86057403 100.18742086
 100.15012601  99.85182459 100.03480558 100.14826534  98.50805379
  99.97462537  99.33112019  99.74069741 100.45759334  95.34703177
  99.97161619 100.14889634  99.75465904  99.45568712 100.01238992
 102.3787008  100.10460397  98.72442235  96.04512333 101.15003289
  96.30440751 100.19826376  99.69972939  99.95001459  93.77211952
  93.39046198  91.92186194  91.67476231  97.51713569  89.20880223
  89.30936735  89.21370732  89.20524166  89.20028076  89.19794225
  89.196863    89.19612216  89.19542164  89.19377903  89.19240299]
最小値:86.27864757765485
入力値:[33, 37, -8.960771469029291]
経過時間:314.0502862930298sec
num_evaluation of BBF = 200.0
 input
[[3, 81, -15.146856751791358], [22, 42, -19.250079653982727], [2, 24, -16.257940101382186], [27, 14, -1.8731079551148255], [8, 34, -0.29456299815689846], [36, 74, 18.94593067742958], [16, 53, -7.745574804205322], [23, 26, -1.81568934182852], [30, 78, -9.696588450086747], [35, 69, -19.175419814588004], [23, 45, -19.215940004269655], [22, 40, 15.676632249978447], [4, 16, -19.74327249537423], [6, 92, -18.648063240754627], [39, 94, 19.637572342130213]]
 output
 [ 99.73634805  99.12693131 100.60272418  99.90281764 100.00944648
  99.71748266  99.796294    99.79623484 100.0315563   99.86051078
  99.91010894 100.30815765  99.87818569  99.84946475  99.69240433]
最小値:99.1269313097319
入力値:[22, 42, -19.250079653982727]
経過時間:65.01261019706726sec
num_evaluation of BBF = 15.0
 input
[[3, 81, -15.146856751791358], [22, 42, -19.250079653982727], [2, 24, -16.257940101382186], [27, 14, -1.8731079551148255], [8, 34, -0.29456299815689846], [36, 74, 18.94593067742958], [16, 53, -7.745574804205322], [23, 26, -1.81568934182852], [30, 78, -9.696588450086747], [35, 69, -19.175419814588004], [23, 45, -19.215940004269655], [22, 40, 15.676632249978447], [4, 16, -19.74327249537423], [6, 92, -18.648063240754627], [39, 94, 19.637572342130213], [21, 43, -16.51505205228475], [23, 42, -19.380380554377528], [22, 42, -18.40063492992455], [22, 42, -19.80673475568776], [22, 42, -19.54458998509782], [22, 42, -19.526280390179604], [22, 42, -19.53092632921375], [22, 42, -19.533423100488825], [22, 42, -19.535299616247578], [22, 42, -19.537346803247278], [22, 42, -19.53950266782838], [22, 42, -19.54169058124183], [22, 42, -19.54919826137983], [22, 42, -19.560985677601643], [22, 42, -19.571976799416156]]
 output
 [ 99.73634805  99.12693131 100.60272418  99.90281764 100.00944648
  99.71748266  99.796294    99.79623484 100.0315563   99.86051078
  99.91010894 100.30815765  99.87818569  99.84946475  99.69240433
  99.32654505 100.3017681   99.42523019  99.12456547  99.08666158
  99.08505097  99.08461197  99.08477374  99.0851193   99.08514404
  99.08516534  99.08655148  99.08671218  99.08700406  99.0849287 ]
最小値:99.08461196835712
入力値:[22, 42, -19.53092632921375]
経過時間:68.09956073760986sec
num_evaluation of BBF = 30.0
 input
[[3, 81, -15.146856751791358], [22, 42, -19.250079653982727], [2, 24, -16.257940101382186], [27, 14, -1.8731079551148255], [8, 34, -0.29456299815689846], [36, 74, 18.94593067742958], [16, 53, -7.745574804205322], [23, 26, -1.81568934182852], [30, 78, -9.696588450086747], [35, 69, -19.175419814588004], [23, 45, -19.215940004269655], [22, 40, 15.676632249978447], [4, 16, -19.74327249537423], [6, 92, -18.648063240754627], [39, 94, 19.637572342130213], [21, 43, -16.51505205228475], [23, 42, -19.380380554377528], [22, 42, -18.40063492992455], [22, 42, -19.80673475568776], [22, 42, -19.54458998509782], [22, 42, -19.526280390179604], [22, 42, -19.53092632921375], [22, 42, -19.533423100488825], [22, 42, -19.535299616247578], [22, 42, -19.537346803247278], [22, 42, -19.53950266782838], [22, 42, -19.54169058124183], [22, 42, -19.54919826137983], [22, 42, -19.560985677601643], [22, 42, -19.571976799416156], [22, 42, -19.541794058048293], [22, 42, -19.54378451914587], [22, 42, -19.546808825999722], [22, 42, -19.551338639423108], [22, 42, -19.55791705126298], [22, 42, -19.566798564227877], [22, 42, -19.57456584512181], [22, 42, -19.546853154732286], [23, 57, -18.38368748058497], [22, 42, -19.550673931242617], [22, 42, -19.55619756295533], [22, 42, -19.564487469120298], [22, 43, -19.576034728155896], [22, 40, -19.559967028438084], [22, 41, -19.55058585503396], [22, 38, -19.63173506296497], [22, 38, -19.589084120972718], [22, 38, -18.903582021733506], [22, 38, -19.079310927044116], [22, 38, -17.984275854277662]]
 output
 [ 99.73634805  99.12693131 100.60272418  99.90281764 100.00944648
  99.71748266  99.796294    99.79623484 100.0315563   99.86051078
  99.91010894 100.30815765  99.87818569  99.84946475  99.69240433
  99.32654505 100.3017681   99.42523019  99.12456547  99.08666158
  99.08505097  99.08461197  99.08477374  99.0851193   99.08514404
  99.08516534  99.08655148  99.08671218  99.08700406  99.0849287
  99.08655096  99.08665137  99.08669382  99.0867658   99.08691235
  99.08699634  99.08489328  99.08669428  99.54360321  99.08674698
  99.08685177  99.08705228  99.45871819  99.16497615  99.1943377
  99.00486904  99.00036563  98.98212356  98.99020261  99.22177458]
最小値:98.9821235590427
入力値:[22, 38, -18.903582021733506]
経過時間:94.3549919128418sec
num_evaluation of BBF = 50.0
 input
[[3, 81, -15.146856751791358], [22, 42, -19.250079653982727], [2, 24, -16.257940101382186], [27, 14, -1.8731079551148255], [8, 34, -0.29456299815689846], [36, 74, 18.94593067742958], [16, 53, -7.745574804205322], [23, 26, -1.81568934182852], [30, 78, -9.696588450086747], [35, 69, -19.175419814588004], [23, 45, -19.215940004269655], [22, 40, 15.676632249978447], [4, 16, -19.74327249537423], [6, 92, -18.648063240754627], [39, 94, 19.637572342130213], [21, 43, -16.51505205228475], [23, 42, -19.380380554377528], [22, 42, -18.40063492992455], [22, 42, -19.80673475568776], [22, 42, -19.54458998509782], [22, 42, -19.526280390179604], [22, 42, -19.53092632921375], [22, 42, -19.533423100488825], [22, 42, -19.535299616247578], [22, 42, -19.537346803247278], [22, 42, -19.53950266782838], [22, 42, -19.54169058124183], [22, 42, -19.54919826137983], [22, 42, -19.560985677601643], [22, 42, -19.571976799416156], [22, 42, -19.541794058048293], [22, 42, -19.54378451914587], [22, 42, -19.546808825999722], [22, 42, -19.551338639423108], [22, 42, -19.55791705126298], [22, 42, -19.566798564227877], [22, 42, -19.57456584512181], [22, 42, -19.546853154732286], [23, 57, -18.38368748058497], [22, 42, -19.550673931242617], [22, 42, -19.55619756295533], [22, 42, -19.564487469120298], [22, 43, -19.576034728155896], [22, 40, -19.559967028438084], [22, 41, -19.55058585503396], [22, 38, -19.63173506296497], [22, 38, -19.589084120972718], [22, 38, -18.903582021733506], [22, 38, -19.079310927044116], [22, 38, -17.984275854277662], [22, 38, -19.31238466991613], [22, 38, -19.27040592067554], [22, 38, -19.28270164963723], [22, 38, -19.29064926087781], [22, 38, -19.298667982584874], [22, 38, -19.30687699635583], [22, 38, -19.315549798509085], [21, 38, -19.32485973384364], [21, 46, -13.96832502301093], [22, 37, -19.248473815283496], [22, 36, -19.2438404563501], [6, 91, 17.985177813608686], [16, 8, -6.722235930442187], [21, 84, 18.118109679990944], [39, 3, -6.2037400732632335], [22, 37, -19.192197561073367], [32, 41, 12.168172833591626], [2, 56, 16.00323683959489], [20, 3, 19.21592575018839], [3, 4, 18.92539278638197], [20, 93, -18.65688258730883], [14, 92, -1.8493555307762968], [33, 8, -19.76827405321174], [33, 1, 13.737651721084767], [39, 38, 13.746180129879967], [12, 63, 18.0811190046076], [11, 2, 17.898575058432996], [27, 68, 17.703236267478538], [23, 66, -15.339626300061768], [0, 96, 13.967859102707777], [10, 64, -19.302791275410325], [21, 46, -18.63581713391574], [10, 3, -18.082223778318895], [24, 55, -20.0], [24, 54, -16.351092076169188], [24, 60, -20.0], [25, 57, -20.0], [25, 60, -20.0], [25, 54, -20.0], [30, 55, -2.076715605281521], [5, 83, 1.2162508317174243], [17, 15, -18.92729684665907], [7, 11, -7.113518083705042], [18, 15, -19.175924297771786], [18, 15, -19.12956513677852], [18, 15, -19.963037471843442], [18, 15, -20.0], [18, 15, -19.852125767669488], [18, 15, -19.795207490030112], [18, 15, -19.798203393720826]]
 output
 [ 99.73634805  99.12693131 100.60272418  99.90281764 100.00944648
  99.71748266  99.796294    99.79623484 100.0315563   99.86051078
  99.91010894 100.30815765  99.87818569  99.84946475  99.69240433
  99.32654505 100.3017681   99.42523019  99.12456547  99.08666158
  99.08505097  99.08461197  99.08477374  99.0851193   99.08514404
  99.08516534  99.08655148  99.08671218  99.08700406  99.0849287
  99.08655096  99.08665137  99.08669382  99.0867658   99.08691235
  99.08699634  99.08489328  99.08669428  99.54360321  99.08674698
  99.08685177  99.08705228  99.45871819  99.16497615  99.1943377
  99.00486904  99.00036563  98.98212356  98.99020261  99.22177458
  98.97358367  98.97635385  98.97524493  98.97477117  98.97449845
  98.97397222  98.9733975  100.56072855  99.90875249  98.73445759
  99.01600685  99.83536054 100.60004113 100.11333315  99.93938205
  98.73868054  99.74348021 100.40089292 101.57934363 101.55954559
 100.40397784 100.02298792  99.77816068 100.21430275  99.73458582
  99.84267476 102.35766775 100.0625813  100.4016942  100.00990124
 100.11822009 100.23684875 100.51075002  99.40104601  99.8868716
  99.43393367  99.1142267   99.58704364  99.40049649 100.02504722
 100.00615725  99.26073239 100.49162245  98.18813478  98.21009101
  97.91792641  97.92780815  97.87813837  97.86515867  97.86545995]
最小値:97.86515866916524
入力値:[18, 15, -19.795207490030112]
経過時間:240.74087619781494sec
num_evaluation of BBF = 100.0
 input
[[3, 81, -15.146856751791358], [22, 42, -19.250079653982727], [2, 24, -16.257940101382186], [27, 14, -1.8731079551148255], [8, 34, -0.29456299815689846], [36, 74, 18.94593067742958], [16, 53, -7.745574804205322], [23, 26, -1.81568934182852], [30, 78, -9.696588450086747], [35, 69, -19.175419814588004], [23, 45, -19.215940004269655], [22, 40, 15.676632249978447], [4, 16, -19.74327249537423], [6, 92, -18.648063240754627], [39, 94, 19.637572342130213], [21, 43, -16.51505205228475], [23, 42, -19.380380554377528], [22, 42, -18.40063492992455], [22, 42, -19.80673475568776], [22, 42, -19.54458998509782], [22, 42, -19.526280390179604], [22, 42, -19.53092632921375], [22, 42, -19.533423100488825], [22, 42, -19.535299616247578], [22, 42, -19.537346803247278], [22, 42, -19.53950266782838], [22, 42, -19.54169058124183], [22, 42, -19.54919826137983], [22, 42, -19.560985677601643], [22, 42, -19.571976799416156], [22, 42, -19.541794058048293], [22, 42, -19.54378451914587], [22, 42, -19.546808825999722], [22, 42, -19.551338639423108], [22, 42, -19.55791705126298], [22, 42, -19.566798564227877], [22, 42, -19.57456584512181], [22, 42, -19.546853154732286], [23, 57, -18.38368748058497], [22, 42, -19.550673931242617], [22, 42, -19.55619756295533], [22, 42, -19.564487469120298], [22, 43, -19.576034728155896], [22, 40, -19.559967028438084], [22, 41, -19.55058585503396], [22, 38, -19.63173506296497], [22, 38, -19.589084120972718], [22, 38, -18.903582021733506], [22, 38, -19.079310927044116], [22, 38, -17.984275854277662], [22, 38, -19.31238466991613], [22, 38, -19.27040592067554], [22, 38, -19.28270164963723], [22, 38, -19.29064926087781], [22, 38, -19.298667982584874], [22, 38, -19.30687699635583], [22, 38, -19.315549798509085], [21, 38, -19.32485973384364], [21, 46, -13.96832502301093], [22, 37, -19.248473815283496], [22, 36, -19.2438404563501], [6, 91, 17.985177813608686], [16, 8, -6.722235930442187], [21, 84, 18.118109679990944], [39, 3, -6.2037400732632335], [22, 37, -19.192197561073367], [32, 41, 12.168172833591626], [2, 56, 16.00323683959489], [20, 3, 19.21592575018839], [3, 4, 18.92539278638197], [20, 93, -18.65688258730883], [14, 92, -1.8493555307762968], [33, 8, -19.76827405321174], [33, 1, 13.737651721084767], [39, 38, 13.746180129879967], [12, 63, 18.0811190046076], [11, 2, 17.898575058432996], [27, 68, 17.703236267478538], [23, 66, -15.339626300061768], [0, 96, 13.967859102707777], [10, 64, -19.302791275410325], [21, 46, -18.63581713391574], [10, 3, -18.082223778318895], [24, 55, -20.0], [24, 54, -16.351092076169188], [24, 60, -20.0], [25, 57, -20.0], [25, 60, -20.0], [25, 54, -20.0], [30, 55, -2.076715605281521], [5, 83, 1.2162508317174243], [17, 15, -18.92729684665907], [7, 11, -7.113518083705042], [18, 15, -19.175924297771786], [18, 15, -19.12956513677852], [18, 15, -19.963037471843442], [18, 15, -20.0], [18, 15, -19.852125767669488], [18, 15, -19.795207490030112], [18, 15, -19.798203393720826], [18, 15, -19.799023526939035], [18, 15, -19.79978691368406], [18, 15, -19.800530254358144], [18, 16, -19.80116400901884], [18, 15, -19.793200212594108], [18, 15, -19.793378241946574], [18, 15, -19.793556904474958], [18, 15, -19.793733673414703], [18, 15, -19.79391266124157], [18, 15, -19.79408962567734], [18, 15, -19.79426471893498], [18, 15, -19.794437718136074], [18, 15, -19.794603943549312], [18, 15, -19.794767011918804], [18, 15, -19.794925142407475], [18, 15, -19.795077616820134], [18, 15, -19.79522231315945], [18, 15, -19.795358211443215], [18, 15, -19.79549686102174], [18, 15, -19.795625242880796], [18, 15, -19.795743809352153], [18, 15, -19.795871042731857], [18, 15, -19.795989434470858], [18, 15, -19.796034703865324], [18, 15, -19.795988176509898], [18, 15, -19.795859508331954], [18, 15, -19.795654482629192], [18, 15, -19.795384534199826], [18, 15, -19.795052903779215], [18, 15, -19.79466762632904], [18, 15, -19.794231898875324], [18, 15, -19.793747784073673], [18, 15, -19.793223547601645], [18, 15, -19.792656995550857], [18, 15, -19.79204047172476], [18, 15, -19.791368313458253], [18, 15, -19.79064107345296], [18, 15, -19.789809598595664], [18, 15, -19.788907387694987], [18, 15, -19.787918798488192], [18, 15, -19.78683506394249], [18, 15, -19.78572433884663], [18, 15, -19.784473249186018], [18, 15, -19.78309330525189], [18, 15, -19.781661603833264], [18, 15, -19.78006040713866], [18, 14, -19.778498200560374], [19, 15, -19.75769094100805], [20, 15, -19.449872773864385], [19, 15, -19.306281842211234]]
 output
 [ 99.73634805  99.12693131 100.60272418  99.90281764 100.00944648
  99.71748266  99.796294    99.79623484 100.0315563   99.86051078
  99.91010894 100.30815765  99.87818569  99.84946475  99.69240433
  99.32654505 100.3017681   99.42523019  99.12456547  99.08666158
  99.08505097  99.08461197  99.08477374  99.0851193   99.08514404
  99.08516534  99.08655148  99.08671218  99.08700406  99.0849287
  99.08655096  99.08665137  99.08669382  99.0867658   99.08691235
  99.08699634  99.08489328  99.08669428  99.54360321  99.08674698
  99.08685177  99.08705228  99.45871819  99.16497615  99.1943377
  99.00486904  99.00036563  98.98212356  98.99020261  99.22177458
  98.97358367  98.97635385  98.97524493  98.97477117  98.97449845
  98.97397222  98.9733975  100.56072855  99.90875249  98.73445759
  99.01600685  99.83536054 100.60004113 100.11333315  99.93938205
  98.73868054  99.74348021 100.40089292 101.57934363 101.55954559
 100.40397784 100.02298792  99.77816068 100.21430275  99.73458582
  99.84267476 102.35766775 100.0625813  100.4016942  100.00990124
 100.11822009 100.23684875 100.51075002  99.40104601  99.8868716
  99.43393367  99.1142267   99.58704364  99.40049649 100.02504722
 100.00615725  99.26073239 100.49162245  98.18813478  98.21009101
  97.91792641  97.92780815  97.87813837  97.86515867  97.86545995
  97.86552176  97.86559164  97.86567251 100.72396966  97.86493124
  97.86495058  97.86496998  97.86499049  97.86501149  97.86503185
  97.86505287  97.86507317  97.86509069  97.86510854  97.86512608
  97.86514388  97.86516066  97.86517693  97.86519373  97.86520783
  97.86522249  97.86523795  97.86525125  97.8652566   97.86525104
  97.86523676  97.86521189  97.86517967  97.8651413   97.86509839
  97.86504876  97.86499257  97.86493421  97.86490799  97.86487971
  97.86484602  97.86489691  97.86485315  97.8648086   97.86476805
  97.86461638  97.8646137   97.86457631  97.86444552  97.86444219
  97.86444384 100.10755375  97.05421058  99.94417303  97.04263827]
最小値:97.04263826675229
入力値:[19, 15, -19.306281842211234]
経過時間:261.4124484062195sec
num_evaluation of BBF = 150.0
 input
[[3, 81, -15.146856751791358], [22, 42, -19.250079653982727], [2, 24, -16.257940101382186], [27, 14, -1.8731079551148255], [8, 34, -0.29456299815689846], [36, 74, 18.94593067742958], [16, 53, -7.745574804205322], [23, 26, -1.81568934182852], [30, 78, -9.696588450086747], [35, 69, -19.175419814588004], [23, 45, -19.215940004269655], [22, 40, 15.676632249978447], [4, 16, -19.74327249537423], [6, 92, -18.648063240754627], [39, 94, 19.637572342130213], [21, 43, -16.51505205228475], [23, 42, -19.380380554377528], [22, 42, -18.40063492992455], [22, 42, -19.80673475568776], [22, 42, -19.54458998509782], [22, 42, -19.526280390179604], [22, 42, -19.53092632921375], [22, 42, -19.533423100488825], [22, 42, -19.535299616247578], [22, 42, -19.537346803247278], [22, 42, -19.53950266782838], [22, 42, -19.54169058124183], [22, 42, -19.54919826137983], [22, 42, -19.560985677601643], [22, 42, -19.571976799416156], [22, 42, -19.541794058048293], [22, 42, -19.54378451914587], [22, 42, -19.546808825999722], [22, 42, -19.551338639423108], [22, 42, -19.55791705126298], [22, 42, -19.566798564227877], [22, 42, -19.57456584512181], [22, 42, -19.546853154732286], [23, 57, -18.38368748058497], [22, 42, -19.550673931242617], [22, 42, -19.55619756295533], [22, 42, -19.564487469120298], [22, 43, -19.576034728155896], [22, 40, -19.559967028438084], [22, 41, -19.55058585503396], [22, 38, -19.63173506296497], [22, 38, -19.589084120972718], [22, 38, -18.903582021733506], [22, 38, -19.079310927044116], [22, 38, -17.984275854277662], [22, 38, -19.31238466991613], [22, 38, -19.27040592067554], [22, 38, -19.28270164963723], [22, 38, -19.29064926087781], [22, 38, -19.298667982584874], [22, 38, -19.30687699635583], [22, 38, -19.315549798509085], [21, 38, -19.32485973384364], [21, 46, -13.96832502301093], [22, 37, -19.248473815283496], [22, 36, -19.2438404563501], [6, 91, 17.985177813608686], [16, 8, -6.722235930442187], [21, 84, 18.118109679990944], [39, 3, -6.2037400732632335], [22, 37, -19.192197561073367], [32, 41, 12.168172833591626], [2, 56, 16.00323683959489], [20, 3, 19.21592575018839], [3, 4, 18.92539278638197], [20, 93, -18.65688258730883], [14, 92, -1.8493555307762968], [33, 8, -19.76827405321174], [33, 1, 13.737651721084767], [39, 38, 13.746180129879967], [12, 63, 18.0811190046076], [11, 2, 17.898575058432996], [27, 68, 17.703236267478538], [23, 66, -15.339626300061768], [0, 96, 13.967859102707777], [10, 64, -19.302791275410325], [21, 46, -18.63581713391574], [10, 3, -18.082223778318895], [24, 55, -20.0], [24, 54, -16.351092076169188], [24, 60, -20.0], [25, 57, -20.0], [25, 60, -20.0], [25, 54, -20.0], [30, 55, -2.076715605281521], [5, 83, 1.2162508317174243], [17, 15, -18.92729684665907], [7, 11, -7.113518083705042], [18, 15, -19.175924297771786], [18, 15, -19.12956513677852], [18, 15, -19.963037471843442], [18, 15, -20.0], [18, 15, -19.852125767669488], [18, 15, -19.795207490030112], [18, 15, -19.798203393720826], [18, 15, -19.799023526939035], [18, 15, -19.79978691368406], [18, 15, -19.800530254358144], [18, 16, -19.80116400901884], [18, 15, -19.793200212594108], [18, 15, -19.793378241946574], [18, 15, -19.793556904474958], [18, 15, -19.793733673414703], [18, 15, -19.79391266124157], [18, 15, -19.79408962567734], [18, 15, -19.79426471893498], [18, 15, -19.794437718136074], [18, 15, -19.794603943549312], [18, 15, -19.794767011918804], [18, 15, -19.794925142407475], [18, 15, -19.795077616820134], [18, 15, -19.79522231315945], [18, 15, -19.795358211443215], [18, 15, -19.79549686102174], [18, 15, -19.795625242880796], [18, 15, -19.795743809352153], [18, 15, -19.795871042731857], [18, 15, -19.795989434470858], [18, 15, -19.796034703865324], [18, 15, -19.795988176509898], [18, 15, -19.795859508331954], [18, 15, -19.795654482629192], [18, 15, -19.795384534199826], [18, 15, -19.795052903779215], [18, 15, -19.79466762632904], [18, 15, -19.794231898875324], [18, 15, -19.793747784073673], [18, 15, -19.793223547601645], [18, 15, -19.792656995550857], [18, 15, -19.79204047172476], [18, 15, -19.791368313458253], [18, 15, -19.79064107345296], [18, 15, -19.789809598595664], [18, 15, -19.788907387694987], [18, 15, -19.787918798488192], [18, 15, -19.78683506394249], [18, 15, -19.78572433884663], [18, 15, -19.784473249186018], [18, 15, -19.78309330525189], [18, 15, -19.781661603833264], [18, 15, -19.78006040713866], [18, 14, -19.778498200560374], [19, 15, -19.75769094100805], [20, 15, -19.449872773864385], [19, 15, -19.306281842211234], [19, 15, -19.485621444083442], [19, 15, -19.512312067803293], [19, 15, -19.53068235210853], [19, 15, -19.586808906845015], [19, 15, -19.745399751775786], [19, 15, -19.7492723998062], [19, 15, -19.752496562976553], [19, 15, -19.757180324503683], [19, 15, -19.766208832176392], [19, 15, -19.755408342101617], [19, 15, -19.73275630409324], [1, 48, -17.318239813414603], [19, 15, -19.759272107840623], [38, 24, -12.217414991550328], [38, 18, 19.948975721512106], [38, 20, 19.355933108738718], [38, 19, 18.698198885074262], [38, 19, 19.922672237398814], [38, 19, 19.924586199007564], [38, 19, 19.972157623929135], [38, 19, 20.0], [19, 15, -19.714754350051454], [27, 84, -6.165181499274272], [2, 72, 2.924850300236468], [19, 15, -19.777444792746557], [23, 39, -2.861474657216114], [25, 83, 7.510310508697696], [36, 35, -17.252554291081545], [38, 20, 20.0], [18, 72, 15.309898703183968], [31, 25, 0.6210368225703888], [19, 15, -19.802943320494894], [19, 15, -19.785421257587412], [17, 91, -6.025065311068214], [19, 77, -4.033976619023335], [9, 1, 4.357702999354245], [37, 36, -17.630114801689018], [38, 21, 20.0], [17, 85, -9.448412186387676], [33, 47, 17.821814286200215], [35, 64, 16.23935571731836], [17, 71, 15.330327955034441], [27, 46, 16.238449950449315], [21, 42, 16.172259152990136], [25, 62, -19.541633710302307], [24, 38, 4.1767782043755695], [37, 75, -18.50946619934344], [2, 36, -4.469305994563193], [7, 86, 19.037490762514153], [30, 5, 16.291500878491185]]
 output
 [ 99.73634805  99.12693131 100.60272418  99.90281764 100.00944648
  99.71748266  99.796294    99.79623484 100.0315563   99.86051078
  99.91010894 100.30815765  99.87818569  99.84946475  99.69240433
  99.32654505 100.3017681   99.42523019  99.12456547  99.08666158
  99.08505097  99.08461197  99.08477374  99.0851193   99.08514404
  99.08516534  99.08655148  99.08671218  99.08700406  99.0849287
  99.08655096  99.08665137  99.08669382  99.0867658   99.08691235
  99.08699634  99.08489328  99.08669428  99.54360321  99.08674698
  99.08685177  99.08705228  99.45871819  99.16497615  99.1943377
  99.00486904  99.00036563  98.98212356  98.99020261  99.22177458
  98.97358367  98.97635385  98.97524493  98.97477117  98.97449845
  98.97397222  98.9733975  100.56072855  99.90875249  98.73445759
  99.01600685  99.83536054 100.60004113 100.11333315  99.93938205
  98.73868054  99.74348021 100.40089292 101.57934363 101.55954559
 100.40397784 100.02298792  99.77816068 100.21430275  99.73458582
  99.84267476 102.35766775 100.0625813  100.4016942  100.00990124
 100.11822009 100.23684875 100.51075002  99.40104601  99.8868716
  99.43393367  99.1142267   99.58704364  99.40049649 100.02504722
 100.00615725  99.26073239 100.49162245  98.18813478  98.21009101
  97.91792641  97.92780815  97.87813837  97.86515867  97.86545995
  97.86552176  97.86559164  97.86567251 100.72396966  97.86493124
  97.86495058  97.86496998  97.86499049  97.86501149  97.86503185
  97.86505287  97.86507317  97.86509069  97.86510854  97.86512608
  97.86514388  97.86516066  97.86517693  97.86519373  97.86520783
  97.86522249  97.86523795  97.86525125  97.8652566   97.86525104
  97.86523676  97.86521189  97.86517967  97.8651413   97.86509839
  97.86504876  97.86499257  97.86493421  97.86490799  97.86487971
  97.86484602  97.86489691  97.86485315  97.8648086   97.86476805
  97.86461638  97.8646137   97.86457631  97.86444552  97.86444219
  97.86444384 100.10755375  97.05421058  99.94417303  97.04263827
  97.00254335  97.00739337  97.0142028   97.02734273  97.05359826
  97.05372128  97.05393087  97.05416903  97.05503376  97.05404062
  97.05314011 100.46791478  97.05436946  99.26425935  98.25439826
  97.53672664  97.64246844  97.29898013  97.29836796  97.28295068
  97.2735246   97.05247473 100.05938558  99.93066248  97.05572259
  99.93488831 100.03148414  98.34812346  97.44930374 100.08147078
  99.97693691  97.05771004  97.05703173 100.05172363 100.03072242
 100.19552845  99.44464862  98.1363005  100.07239436  98.28345545
 100.32407331 100.22569503  99.44861598 100.1011486   99.75139464
  99.86310685 100.18066728  99.84957227  99.84386592 100.31174903]
最小値:97.00254335444241
入力値:[19, 15, -19.485621444083442]
経過時間:292.68353366851807sec
num_evaluation of BBF = 200.0
 input
[[35, 17, 14.22483793342591], [24, 57, -14.341433055319056], [9, 67, 16.127140949604374], [25, 0, 2.894259650407207], [14, 58, -4.329352200825824], [32, 59, -9.34104888315199], [25, 78, -19.23901023001155], [2, 91, -2.14603210295277], [17, 6, -12.96555067063207], [34, 81, 17.006126501533046], [23, 19, 19.157792625768913], [34, 19, -0.1036598476211239], [39, 28, 17.077373778284397], [37, 14, 20.0], [0, 19, 15.140772055948773]]
 output
 [ 99.10660219  99.885566    99.86657926 100.45043718  99.5090123
  99.43718002 100.08403388  99.95979376 100.87491059  99.65134946
  99.08082936 100.0014989   99.55427597  99.84742147  98.73469183]
最小値:98.73469182874449
入力値:[0, 19, 15.140772055948773]
経過時間:65.31799745559692sec
num_evaluation of BBF = 15.0
 input
[[35, 17, 14.22483793342591], [24, 57, -14.341433055319056], [9, 67, 16.127140949604374], [25, 0, 2.894259650407207], [14, 58, -4.329352200825824], [32, 59, -9.34104888315199], [25, 78, -19.23901023001155], [2, 91, -2.14603210295277], [17, 6, -12.96555067063207], [34, 81, 17.006126501533046], [23, 19, 19.157792625768913], [34, 19, -0.1036598476211239], [39, 28, 17.077373778284397], [37, 14, 20.0], [0, 19, 15.140772055948773], [0, 21, 14.009517845963103], [3, 18, 14.547021535885214], [0, 18, 16.34097959731954], [0, 18, 12.492113722826772], [30, 18, 15.307965959346113], [0, 2, 20.0], [0, 16, 20.0], [0, 16, -20.0], [28, 22, -3.328721187718351], [7, 12, -11.455487253069984], [30, 11, 13.42484956131608], [38, 37, -19.12158351147533], [39, 39, -13.601663465381478], [39, 41, -6.451254969636878], [39, 39, -14.704007762659307]]
 output
 [ 99.10660219  99.885566    99.86657926 100.45043718  99.5090123
  99.43718002 100.08403388  99.95979376 100.87491059  99.65134946
  99.08082936 100.0014989   99.55427597  99.84742147  98.73469183
  99.76192214  98.19342707  98.48103362  98.95240409  99.72175287
 100.23354796  98.24941376 100.81617328 100.36735806 100.18676919
  99.94884295  97.99992755  96.15349711  99.9958712   95.77839287]
最小値:95.77839287035034
入力値:[39, 39, -14.704007762659307]
経過時間:73.76686406135559sec
num_evaluation of BBF = 30.0
 input
[[35, 17, 14.22483793342591], [24, 57, -14.341433055319056], [9, 67, 16.127140949604374], [25, 0, 2.894259650407207], [14, 58, -4.329352200825824], [32, 59, -9.34104888315199], [25, 78, -19.23901023001155], [2, 91, -2.14603210295277], [17, 6, -12.96555067063207], [34, 81, 17.006126501533046], [23, 19, 19.157792625768913], [34, 19, -0.1036598476211239], [39, 28, 17.077373778284397], [37, 14, 20.0], [0, 19, 15.140772055948773], [0, 21, 14.009517845963103], [3, 18, 14.547021535885214], [0, 18, 16.34097959731954], [0, 18, 12.492113722826772], [30, 18, 15.307965959346113], [0, 2, 20.0], [0, 16, 20.0], [0, 16, -20.0], [28, 22, -3.328721187718351], [7, 12, -11.455487253069984], [30, 11, 13.42484956131608], [38, 37, -19.12158351147533], [39, 39, -13.601663465381478], [39, 41, -6.451254969636878], [39, 39, -14.704007762659307], [39, 40, -15.22444586656157], [39, 39, -15.953811676046007], [39, 39, -18.255682389681517], [39, 38, -13.895613366780644], [38, 39, -16.03359017844453], [39, 39, -15.736035845120647], [39, 39, -5.756749152332494], [39, 39, -19.19145525752584], [39, 39, -14.608341933569942], [39, 39, -20.0], [39, 39, -13.821040993643352], [39, 39, -14.232308468197544], [39, 39, -13.08019772379238], [39, 39, -16.44729382846022], [39, 39, -15.860782613563607], [39, 39, -11.317658990207413], [39, 38, -17.008962866450982], [39, 38, -17.08741547166482], [39, 38, -20.0], [39, 39, -19.893440286403735]]
 output
 [ 99.10660219  99.885566    99.86657926 100.45043718  99.5090123
  99.43718002 100.08403388  99.95979376 100.87491059  99.65134946
  99.08082936 100.0014989   99.55427597  99.84742147  98.73469183
  99.76192214  98.19342707  98.48103362  98.95240409  99.72175287
 100.23354796  98.24941376 100.81617328 100.36735806 100.18676919
  99.94884295  97.99992755  96.15349711  99.9958712   95.77839287
  98.89537505  95.36018963  96.19883818  97.11799745 100.64501893
  96.76374136  97.27085781  94.91244393  95.8170848   98.47118783
  96.01933068  96.2004611   97.17020614  96.20012251  95.31571298
  98.31927089  94.98099628  96.57733707  95.9939133   98.74642661]
最小値:94.91244392566816
入力値:[39, 39, -19.19145525752584]
経過時間:102.57365703582764sec
num_evaluation of BBF = 50.0