
 input_history 
[[0, 67, 14.317824704910272], [39, 9, 4.942547871438894], [36, 87, 15.670920031283188], [24, 12, -4.662339246968891], [38, 39, 1.1557967901161774], [24, 81, 17.02386553170644], [13, 72, -16.51482801193837], [16, 69, 11.126270037994018], [0, 82, -1.05567818905158], [29, 19, 7.155181204758414], [39, 32, 3.280791683004285], [32, 31, -15.763695712488314], [23, 35, -12.5467062669296], [28, 34, -14.591273063781918], [36, 53, -14.013005312652673]]
最小値:88.7659247780886
入力値:[32, 31, -15.763695712488314]
経過時間:82.43584632873535sec
num_evaluation of BBF = 15.0
 input_history 
[[0, 67, 14.317824704910272], [39, 9, 4.942547871438894], [36, 87, 15.670920031283188], [24, 12, -4.662339246968891], [38, 39, 1.1557967901161774], [24, 81, 17.02386553170644], [13, 72, -16.51482801193837], [16, 69, 11.126270037994018], [0, 82, -1.05567818905158], [29, 19, 7.155181204758414], [39, 32, 3.280791683004285], [32, 31, -15.763695712488314], [23, 35, -12.5467062669296], [28, 34, -14.591273063781918], [36, 53, -14.013005312652673]]
最小値:88.7659247780886
入力値:[32, 31, -15.763695712488314]
経過時間:85.91215753555298sec
num_evaluation of BBF = 30.0
 input_history 
[[0, 67, 14.317824704910272], [39, 9, 4.942547871438894], [36, 87, 15.670920031283188], [24, 12, -4.662339246968891], [38, 39, 1.1557967901161774], [24, 81, 17.02386553170644], [13, 72, -16.51482801193837], [16, 69, 11.126270037994018], [0, 82, -1.05567818905158], [29, 19, 7.155181204758414], [39, 32, 3.280791683004285], [32, 31, -15.763695712488314], [23, 35, -12.5467062669296], [28, 34, -14.591273063781918], [36, 53, -14.013005312652673], [17, 79, 16.10393902117619], [31, 1, 7.905247837090595], [35, 11, -11.584697557046365], [27, 0, -7.382865963032646], [12, 42, -2.4559394615071852]]
最小値:88.7659247780886
入力値:[32, 31, -15.763695712488314]
経過時間:120.05718159675598sec
num_evaluation of BBF = 50.0
 input_history 
[[0, 67, 14.317824704910272], [39, 9, 4.942547871438894], [36, 87, 15.670920031283188], [24, 12, -4.662339246968891], [38, 39, 1.1557967901161774], [24, 81, 17.02386553170644], [13, 72, -16.51482801193837], [16, 69, 11.126270037994018], [0, 82, -1.05567818905158], [29, 19, 7.155181204758414], [39, 32, 3.280791683004285], [32, 31, -15.763695712488314], [23, 35, -12.5467062669296], [28, 34, -14.591273063781918], [36, 53, -14.013005312652673], [17, 79, 16.10393902117619], [31, 1, 7.905247837090595], [35, 11, -11.584697557046365], [27, 0, -7.382865963032646], [12, 42, -2.4559394615071852], [4, 6, -15.918207570078877], [3, 76, 6.1243330186159355], [14, 15, -1.0120999084634832], [23, 79, -15.584994353427795], [21, 48, -14.472681946055449], [35, 64, 6.501074678001771], [30, 0, 4.913843821866777], [36, 34, 18.87780009998663], [3, 42, 19.070443527613484], [39, 21, 9.570543175932066], [0, 10, -8.687721496943617], [23, 59, -15.250891241830239], [34, 62, -3.4294802194132004], [3, 82, 2.607554664195014], [20, 81, 0.35875842668058056], [14, 41, 16.846304409487992], [36, 10, -8.891257548758702], [11, 2, -14.728085503824314], [32, 54, -8.423756282111956], [19, 46, 3.4605173924033252], [13, 30, -14.142329490835511], [2, 3, 8.149491171596651], [13, 40, 10.244267754601637], [31, 72, 15.84153550036308], [3, 61, -2.1149848552949067], [4, 67, 7.979171012700171], [22, 77, -3.5271944414062126], [11, 56, -10.008148973800877], [29, 21, 18.61664882079708], [16, 60, 6.386736482776513]]
最小値:88.7659247780886
入力値:[32, 31, -15.763695712488314]
経過時間:296.6342022418976sec
num_evaluation of BBF = 100.0
 input_history 
[[0, 67, 14.317824704910272], [39, 9, 4.942547871438894], [36, 87, 15.670920031283188], [24, 12, -4.662339246968891], [38, 39, 1.1557967901161774], [24, 81, 17.02386553170644], [13, 72, -16.51482801193837], [16, 69, 11.126270037994018], [0, 82, -1.05567818905158], [29, 19, 7.155181204758414], [39, 32, 3.280791683004285], [32, 31, -15.763695712488314], [23, 35, -12.5467062669296], [28, 34, -14.591273063781918], [36, 53, -14.013005312652673], [17, 79, 16.10393902117619], [31, 1, 7.905247837090595], [35, 11, -11.584697557046365], [27, 0, -7.382865963032646], [12, 42, -2.4559394615071852], [4, 6, -15.918207570078877], [3, 76, 6.1243330186159355], [14, 15, -1.0120999084634832], [23, 79, -15.584994353427795], [21, 48, -14.472681946055449], [35, 64, 6.501074678001771], [30, 0, 4.913843821866777], [36, 34, 18.87780009998663], [3, 42, 19.070443527613484], [39, 21, 9.570543175932066], [0, 10, -8.687721496943617], [23, 59, -15.250891241830239], [34, 62, -3.4294802194132004], [3, 82, 2.607554664195014], [20, 81, 0.35875842668058056], [14, 41, 16.846304409487992], [36, 10, -8.891257548758702], [11, 2, -14.728085503824314], [32, 54, -8.423756282111956], [19, 46, 3.4605173924033252], [13, 30, -14.142329490835511], [2, 3, 8.149491171596651], [13, 40, 10.244267754601637], [31, 72, 15.84153550036308], [3, 61, -2.1149848552949067], [4, 67, 7.979171012700171], [22, 77, -3.5271944414062126], [11, 56, -10.008148973800877], [29, 21, 18.61664882079708], [16, 60, 6.386736482776513]]
最小値:88.7659247780886
入力値:[32, 31, -15.763695712488314]
経過時間:279.7526786327362sec
num_evaluation of BBF = 150.0
 input_history 
[[0, 67, 14.317824704910272], [39, 9, 4.942547871438894], [36, 87, 15.670920031283188], [24, 12, -4.662339246968891], [38, 39, 1.1557967901161774], [24, 81, 17.02386553170644], [13, 72, -16.51482801193837], [16, 69, 11.126270037994018], [0, 82, -1.05567818905158], [29, 19, 7.155181204758414], [39, 32, 3.280791683004285], [32, 31, -15.763695712488314], [23, 35, -12.5467062669296], [28, 34, -14.591273063781918], [36, 53, -14.013005312652673], [17, 79, 16.10393902117619], [31, 1, 7.905247837090595], [35, 11, -11.584697557046365], [27, 0, -7.382865963032646], [12, 42, -2.4559394615071852], [4, 6, -15.918207570078877], [3, 76, 6.1243330186159355], [14, 15, -1.0120999084634832], [23, 79, -15.584994353427795], [21, 48, -14.472681946055449], [35, 64, 6.501074678001771], [30, 0, 4.913843821866777], [36, 34, 18.87780009998663], [3, 42, 19.070443527613484], [39, 21, 9.570543175932066], [0, 10, -8.687721496943617], [23, 59, -15.250891241830239], [34, 62, -3.4294802194132004], [3, 82, 2.607554664195014], [20, 81, 0.35875842668058056], [14, 41, 16.846304409487992], [36, 10, -8.891257548758702], [11, 2, -14.728085503824314], [32, 54, -8.423756282111956], [19, 46, 3.4605173924033252], [13, 30, -14.142329490835511], [2, 3, 8.149491171596651], [13, 40, 10.244267754601637], [31, 72, 15.84153550036308], [3, 61, -2.1149848552949067], [4, 67, 7.979171012700171], [22, 77, -3.5271944414062126], [11, 56, -10.008148973800877], [29, 21, 18.61664882079708], [16, 60, 6.386736482776513]]
最小値:88.7659247780886
入力値:[32, 31, -15.763695712488314]
経過時間:295.9800980091095sec
num_evaluation of BBF = 200.0
 input_history 
[[37, 12, 17.302294373546353], [9, 75, 19.96162061296579], [0, 16, -4.1367709081589545], [7, 6, 17.42156283224127], [20, 18, 0.9819263829148568], [28, 29, 1.3765563578806805], [4, 87, -1.7118076805204687], [30, 96, 11.135569453461336], [9, 7, -7.4630328736302864], [22, 57, 15.055566091841534], [17, 8, 13.184134375767343], [8, 30, 3.7226207319222766], [6, 21, -3.52848484123788], [3, 68, -8.414814378167502], [12, 26, 13.385026875894916]]
最小値:87.26226362492179
入力値:[17, 8, 13.184134375767343]
経過時間:88.35887622833252sec
num_evaluation of BBF = 15.0
 input_history 
[[37, 12, 17.302294373546353], [9, 75, 19.96162061296579], [0, 16, -4.1367709081589545], [7, 6, 17.42156283224127], [20, 18, 0.9819263829148568], [28, 29, 1.3765563578806805], [4, 87, -1.7118076805204687], [30, 96, 11.135569453461336], [9, 7, -7.4630328736302864], [22, 57, 15.055566091841534], [17, 8, 13.184134375767343], [8, 30, 3.7226207319222766], [6, 21, -3.52848484123788], [3, 68, -8.414814378167502], [12, 26, 13.385026875894916]]
最小値:87.26226362492179
入力値:[17, 8, 13.184134375767343]
経過時間:90.9530975818634sec
num_evaluation of BBF = 30.0
 input_history 
[[37, 12, 17.302294373546353], [9, 75, 19.96162061296579], [0, 16, -4.1367709081589545], [7, 6, 17.42156283224127], [20, 18, 0.9819263829148568], [28, 29, 1.3765563578806805], [4, 87, -1.7118076805204687], [30, 96, 11.135569453461336], [9, 7, -7.4630328736302864], [22, 57, 15.055566091841534], [17, 8, 13.184134375767343], [8, 30, 3.7226207319222766], [6, 21, -3.52848484123788], [3, 68, -8.414814378167502], [12, 26, 13.385026875894916], [18, 15, 6.425429209520118], [25, 87, -11.115018098585008], [25, 22, 16.343820123723823], [39, 23, -15.220381280771328], [27, 37, -16.655079818118953]]
最小値:87.26226362492179
入力値:[17, 8, 13.184134375767343]
経過時間:119.06967902183533sec
num_evaluation of BBF = 50.0
 input_history 
[[37, 12, 17.302294373546353], [9, 75, 19.96162061296579], [0, 16, -4.1367709081589545], [7, 6, 17.42156283224127], [20, 18, 0.9819263829148568], [28, 29, 1.3765563578806805], [4, 87, -1.7118076805204687], [30, 96, 11.135569453461336], [9, 7, -7.4630328736302864], [22, 57, 15.055566091841534], [17, 8, 13.184134375767343], [8, 30, 3.7226207319222766], [6, 21, -3.52848484123788], [3, 68, -8.414814378167502], [12, 26, 13.385026875894916], [18, 15, 6.425429209520118], [25, 87, -11.115018098585008], [25, 22, 16.343820123723823], [39, 23, -15.220381280771328], [27, 37, -16.655079818118953], [38, 8, 16.417935271724062], [10, 23, 3.3755648295171667], [23, 25, 4.557532711842228], [28, 74, -9.560840815377727], [32, 88, 1.33793962420701], [1, 77, -3.4328292189238923], [13, 6, 6.5517858087915535], [6, 2, 17.78379023963253], [21, 75, 16.136076611515342], [8, 75, -14.428946109969658], [20, 30, -4.092926520578658], [7, 45, 17.100343215841356], [18, 96, 9.039919414018058], [23, 81, 5.909975990933901], [24, 74, 10.529322108604873], [32, 12, 10.111534127024168], [24, 82, -0.07563721487053954], [2, 92, 17.97957034828285], [10, 54, 3.1355845754852716], [18, 86, -10.51892079027889], [7, 48, -7.945580183604264], [5, 17, -13.88280709783885], [22, 13, -5.70920959990001], [33, 53, 4.934404631672109], [32, 55, 17.177489349750452], [25, 21, 19.892914018059223], [19, 25, 9.710593203483661], [13, 84, -1.4275398653745164], [6, 77, 0.3299015026915626], [15, 24, -18.02783020987369]]
最小値:87.26226362492179
入力値:[17, 8, 13.184134375767343]
経過時間:295.33433198928833sec
num_evaluation of BBF = 100.0
 input_history 
[[37, 12, 17.302294373546353], [9, 75, 19.96162061296579], [0, 16, -4.1367709081589545], [7, 6, 17.42156283224127], [20, 18, 0.9819263829148568], [28, 29, 1.3765563578806805], [4, 87, -1.7118076805204687], [30, 96, 11.135569453461336], [9, 7, -7.4630328736302864], [22, 57, 15.055566091841534], [17, 8, 13.184134375767343], [8, 30, 3.7226207319222766], [6, 21, -3.52848484123788], [3, 68, -8.414814378167502], [12, 26, 13.385026875894916], [18, 15, 6.425429209520118], [25, 87, -11.115018098585008], [25, 22, 16.343820123723823], [39, 23, -15.220381280771328], [27, 37, -16.655079818118953], [38, 8, 16.417935271724062], [10, 23, 3.3755648295171667], [23, 25, 4.557532711842228], [28, 74, -9.560840815377727], [32, 88, 1.33793962420701], [1, 77, -3.4328292189238923], [13, 6, 6.5517858087915535], [6, 2, 17.78379023963253], [21, 75, 16.136076611515342], [8, 75, -14.428946109969658], [20, 30, -4.092926520578658], [7, 45, 17.100343215841356], [18, 96, 9.039919414018058], [23, 81, 5.909975990933901], [24, 74, 10.529322108604873], [32, 12, 10.111534127024168], [24, 82, -0.07563721487053954], [2, 92, 17.97957034828285], [10, 54, 3.1355845754852716], [18, 86, -10.51892079027889], [7, 48, -7.945580183604264], [5, 17, -13.88280709783885], [22, 13, -5.70920959990001], [33, 53, 4.934404631672109], [32, 55, 17.177489349750452], [25, 21, 19.892914018059223], [19, 25, 9.710593203483661], [13, 84, -1.4275398653745164], [6, 77, 0.3299015026915626], [15, 24, -18.02783020987369]]
最小値:87.26226362492179
入力値:[17, 8, 13.184134375767343]
経過時間:301.8414032459259sec
num_evaluation of BBF = 150.0
 input_history 
[[37, 12, 17.302294373546353], [9, 75, 19.96162061296579], [0, 16, -4.1367709081589545], [7, 6, 17.42156283224127], [20, 18, 0.9819263829148568], [28, 29, 1.3765563578806805], [4, 87, -1.7118076805204687], [30, 96, 11.135569453461336], [9, 7, -7.4630328736302864], [22, 57, 15.055566091841534], [17, 8, 13.184134375767343], [8, 30, 3.7226207319222766], [6, 21, -3.52848484123788], [3, 68, -8.414814378167502], [12, 26, 13.385026875894916], [18, 15, 6.425429209520118], [25, 87, -11.115018098585008], [25, 22, 16.343820123723823], [39, 23, -15.220381280771328], [27, 37, -16.655079818118953], [38, 8, 16.417935271724062], [10, 23, 3.3755648295171667], [23, 25, 4.557532711842228], [28, 74, -9.560840815377727], [32, 88, 1.33793962420701], [1, 77, -3.4328292189238923], [13, 6, 6.5517858087915535], [6, 2, 17.78379023963253], [21, 75, 16.136076611515342], [8, 75, -14.428946109969658], [20, 30, -4.092926520578658], [7, 45, 17.100343215841356], [18, 96, 9.039919414018058], [23, 81, 5.909975990933901], [24, 74, 10.529322108604873], [32, 12, 10.111534127024168], [24, 82, -0.07563721487053954], [2, 92, 17.97957034828285], [10, 54, 3.1355845754852716], [18, 86, -10.51892079027889], [7, 48, -7.945580183604264], [5, 17, -13.88280709783885], [22, 13, -5.70920959990001], [33, 53, 4.934404631672109], [32, 55, 17.177489349750452], [25, 21, 19.892914018059223], [19, 25, 9.710593203483661], [13, 84, -1.4275398653745164], [6, 77, 0.3299015026915626], [15, 24, -18.02783020987369]]
最小値:87.26226362492179
入力値:[17, 8, 13.184134375767343]
経過時間:348.7206563949585sec
num_evaluation of BBF = 200.0
 input_history 
[[15, 72, 1.9864991151483657], [18, 75, -3.185287916500439], [34, 49, -11.8140546384863], [21, 47, -8.013813053019074], [26, 20, 4.845353310771795], [37, 39, -14.616802186202658], [4, 42, -12.622405374123389], [39, 38, 14.159011705579552], [3, 69, 18.785296233071712], [6, 95, -2.8751068961044233], [31, 66, -14.913601131948901], [12, 50, -11.126593319491839], [15, 49, -6.0069485998680285], [8, 50, -1.2530566333512319], [15, 8, 6.52247172203441]]
最小値:92.93007583646038
入力値:[37, 39, -14.616802186202658]
経過時間:83.41669607162476sec
num_evaluation of BBF = 15.0
 input_history 
[[15, 72, 1.9864991151483657], [18, 75, -3.185287916500439], [34, 49, -11.8140546384863], [21, 47, -8.013813053019074], [26, 20, 4.845353310771795], [37, 39, -14.616802186202658], [4, 42, -12.622405374123389], [39, 38, 14.159011705579552], [3, 69, 18.785296233071712], [6, 95, -2.8751068961044233], [31, 66, -14.913601131948901], [12, 50, -11.126593319491839], [15, 49, -6.0069485998680285], [8, 50, -1.2530566333512319], [15, 8, 6.52247172203441]]
最小値:92.93007583646038
入力値:[37, 39, -14.616802186202658]
経過時間:83.34638094902039sec
num_evaluation of BBF = 30.0
 input_history 
[[15, 72, 1.9864991151483657], [18, 75, -3.185287916500439], [34, 49, -11.8140546384863], [21, 47, -8.013813053019074], [26, 20, 4.845353310771795], [37, 39, -14.616802186202658], [4, 42, -12.622405374123389], [39, 38, 14.159011705579552], [3, 69, 18.785296233071712], [6, 95, -2.8751068961044233], [31, 66, -14.913601131948901], [12, 50, -11.126593319491839], [15, 49, -6.0069485998680285], [8, 50, -1.2530566333512319], [15, 8, 6.52247172203441], [22, 73, -13.508056059907446], [26, 62, 0.00033444680866878684], [32, 26, -7.388100753085576], [12, 10, -2.53010947892804], [9, 70, 11.92801551348214]]
最小値:92.93007583646038
入力値:[37, 39, -14.616802186202658]
経過時間:110.87753486633301sec
num_evaluation of BBF = 50.0
 input_history 
[[15, 72, 1.9864991151483657], [18, 75, -3.185287916500439], [34, 49, -11.8140546384863], [21, 47, -8.013813053019074], [26, 20, 4.845353310771795], [37, 39, -14.616802186202658], [4, 42, -12.622405374123389], [39, 38, 14.159011705579552], [3, 69, 18.785296233071712], [6, 95, -2.8751068961044233], [31, 66, -14.913601131948901], [12, 50, -11.126593319491839], [15, 49, -6.0069485998680285], [8, 50, -1.2530566333512319], [15, 8, 6.52247172203441], [22, 73, -13.508056059907446], [26, 62, 0.00033444680866878684], [32, 26, -7.388100753085576], [12, 10, -2.53010947892804], [9, 70, 11.92801551348214], [19, 56, 17.92361687610817], [4, 40, 0.6055648345574838], [6, 18, 15.532149968699215], [23, 22, 0.12049013383935048], [37, 74, 8.2616802349567], [35, 91, 18.412549285001525], [21, 43, -18.172841390183997], [6, 74, 0.6972305488587693], [17, 15, 2.1453536330892895], [26, 39, -4.242668201918338], [20, 22, 9.13993984848777], [36, 27, -5.51890355864618], [28, 36, -4.499062965068742], [9, 7, -5.96512394793438], [18, 1, 18.916427594992996], [32, 49, -18.3280916073876], [9, 78, -10.824561590923839], [31, 32, 3.6998545114640358], [21, 43, 1.2857776527560425], [21, 49, -14.641831673132359], [28, 51, 3.9591991301136176], [22, 88, -11.166483397541525], [1, 43, 3.6833831066550538], [7, 80, 15.805829737757286], [15, 17, 1.6076606266852345], [31, 34, 13.049993137366314], [36, 22, 13.51322191693108], [17, 45, -7.14725656869776], [9, 21, -8.902431355175032], [39, 83, 14.091558240073695]]
最小値:92.93007583646038
入力値:[37, 39, -14.616802186202658]
経過時間:282.4400782585144sec
num_evaluation of BBF = 100.0
 input_history 
[[15, 72, 1.9864991151483657], [18, 75, -3.185287916500439], [34, 49, -11.8140546384863], [21, 47, -8.013813053019074], [26, 20, 4.845353310771795], [37, 39, -14.616802186202658], [4, 42, -12.622405374123389], [39, 38, 14.159011705579552], [3, 69, 18.785296233071712], [6, 95, -2.8751068961044233], [31, 66, -14.913601131948901], [12, 50, -11.126593319491839], [15, 49, -6.0069485998680285], [8, 50, -1.2530566333512319], [15, 8, 6.52247172203441], [22, 73, -13.508056059907446], [26, 62, 0.00033444680866878684], [32, 26, -7.388100753085576], [12, 10, -2.53010947892804], [9, 70, 11.92801551348214], [19, 56, 17.92361687610817], [4, 40, 0.6055648345574838], [6, 18, 15.532149968699215], [23, 22, 0.12049013383935048], [37, 74, 8.2616802349567], [35, 91, 18.412549285001525], [21, 43, -18.172841390183997], [6, 74, 0.6972305488587693], [17, 15, 2.1453536330892895], [26, 39, -4.242668201918338], [20, 22, 9.13993984848777], [36, 27, -5.51890355864618], [28, 36, -4.499062965068742], [9, 7, -5.96512394793438], [18, 1, 18.916427594992996], [32, 49, -18.3280916073876], [9, 78, -10.824561590923839], [31, 32, 3.6998545114640358], [21, 43, 1.2857776527560425], [21, 49, -14.641831673132359], [28, 51, 3.9591991301136176], [22, 88, -11.166483397541525], [1, 43, 3.6833831066550538], [7, 80, 15.805829737757286], [15, 17, 1.6076606266852345], [31, 34, 13.049993137366314], [36, 22, 13.51322191693108], [17, 45, -7.14725656869776], [9, 21, -8.902431355175032], [39, 83, 14.091558240073695]]
最小値:92.93007583646038
入力値:[37, 39, -14.616802186202658]
経過時間:242.4975175857544sec
num_evaluation of BBF = 150.0
 input_history 
[[15, 72, 1.9864991151483657], [18, 75, -3.185287916500439], [34, 49, -11.8140546384863], [21, 47, -8.013813053019074], [26, 20, 4.845353310771795], [37, 39, -14.616802186202658], [4, 42, -12.622405374123389], [39, 38, 14.159011705579552], [3, 69, 18.785296233071712], [6, 95, -2.8751068961044233], [31, 66, -14.913601131948901], [12, 50, -11.126593319491839], [15, 49, -6.0069485998680285], [8, 50, -1.2530566333512319], [15, 8, 6.52247172203441], [22, 73, -13.508056059907446], [26, 62, 0.00033444680866878684], [32, 26, -7.388100753085576], [12, 10, -2.53010947892804], [9, 70, 11.92801551348214], [19, 56, 17.92361687610817], [4, 40, 0.6055648345574838], [6, 18, 15.532149968699215], [23, 22, 0.12049013383935048], [37, 74, 8.2616802349567], [35, 91, 18.412549285001525], [21, 43, -18.172841390183997], [6, 74, 0.6972305488587693], [17, 15, 2.1453536330892895], [26, 39, -4.242668201918338], [20, 22, 9.13993984848777], [36, 27, -5.51890355864618], [28, 36, -4.499062965068742], [9, 7, -5.96512394793438], [18, 1, 18.916427594992996], [32, 49, -18.3280916073876], [9, 78, -10.824561590923839], [31, 32, 3.6998545114640358], [21, 43, 1.2857776527560425], [21, 49, -14.641831673132359], [28, 51, 3.9591991301136176], [22, 88, -11.166483397541525], [1, 43, 3.6833831066550538], [7, 80, 15.805829737757286], [15, 17, 1.6076606266852345], [31, 34, 13.049993137366314], [36, 22, 13.51322191693108], [17, 45, -7.14725656869776], [9, 21, -8.902431355175032], [39, 83, 14.091558240073695]]
最小値:92.93007583646038
入力値:[37, 39, -14.616802186202658]
経過時間:220.5169858932495sec
num_evaluation of BBF = 200.0
 input_history 
[[24, 3, -8.363810443482226], [0, 21, 15.717878173906186], [10, 41, -11.71028487447253], [38, 96, 7.792946109138789], [29, 39, -1.873107955114829], [26, 81, -5.843797124548287], [2, 2, 16.53205782889779], [1, 51, 18.945930677429573], [33, 29, -7.745574804205324], [7, 43, 1.7859607212737885], [15, 48, -7.74545870495281], [30, 49, -4.48114969777405], [14, 28, -14.291306831722359], [0, 64, 12.357168151662009], [37, 56, -3.451252682980627]]
最小値:98.71440920382865
入力値:[10, 41, -11.71028487447253]
経過時間:69.12804961204529sec
num_evaluation of BBF = 15.0
 input_history 
[[24, 3, -8.363810443482226], [0, 21, 15.717878173906186], [10, 41, -11.71028487447253], [38, 96, 7.792946109138789], [29, 39, -1.873107955114829], [26, 81, -5.843797124548287], [2, 2, 16.53205782889779], [1, 51, 18.945930677429573], [33, 29, -7.745574804205324], [7, 43, 1.7859607212737885], [15, 48, -7.74545870495281], [30, 49, -4.48114969777405], [14, 28, -14.291306831722359], [0, 64, 12.357168151662009], [37, 56, -3.451252682980627]]
最小値:98.71440920382865
入力値:[10, 41, -11.71028487447253]
経過時間:64.05206775665283sec
num_evaluation of BBF = 30.0
 input_history 
[[24, 3, -8.363810443482226], [0, 21, 15.717878173906186], [10, 41, -11.71028487447253], [38, 96, 7.792946109138789], [29, 39, -1.873107955114829], [26, 81, -5.843797124548287], [2, 2, 16.53205782889779], [1, 51, 18.945930677429573], [33, 29, -7.745574804205324], [7, 43, 1.7859607212737885], [15, 48, -7.74545870495281], [30, 49, -4.48114969777405], [14, 28, -14.291306831722359], [0, 64, 12.357168151662009], [37, 56, -3.451252682980627], [37, 46, -5.537409477496876], [1, 85, -3.739203344950056], [10, 91, -1.6925440270808814], [16, 32, 3.4501161787128574], [18, 75, -8.880899735055948]]
最小値:98.71440920382865
入力値:[10, 41, -11.71028487447253]
経過時間:84.02765679359436sec
num_evaluation of BBF = 50.0
 input_history 
[[24, 3, -8.363810443482226], [0, 21, 15.717878173906186], [10, 41, -11.71028487447253], [38, 96, 7.792946109138789], [29, 39, -1.873107955114829], [26, 81, -5.843797124548287], [2, 2, 16.53205782889779], [1, 51, 18.945930677429573], [33, 29, -7.745574804205324], [7, 43, 1.7859607212737885], [15, 48, -7.74545870495281], [30, 49, -4.48114969777405], [14, 28, -14.291306831722359], [0, 64, 12.357168151662009], [37, 56, -3.451252682980627], [37, 46, -5.537409477496876], [1, 85, -3.739203344950056], [10, 91, -1.6925440270808814], [16, 32, 3.4501161787128574], [18, 75, -8.880899735055948], [31, 13, -11.783586215800499], [33, 52, -16.510825248767812], [2, 28, -5.50638147959512], [10, 54, -7.3486186940669675], [27, 21, -6.406053441727284], [39, 29, 0.8641736045912012], [9, 33, -7.909455525077757], [24, 55, -10.77663182579704], [10, 80, -18.958949230927487], [19, 16, -17.321223042686945], [39, 50, -12.040958948116867], [1, 18, 10.085601077460566], [23, 20, 18.084049721248327], [22, 92, 1.6407869343908459], [33, 43, -3.010801694772937], [28, 60, 2.851389862990228], [8, 20, -6.0029909775399215], [14, 76, 15.859866414658804], [9, 26, -8.663705180305072], [5, 84, 1.8153045166672968], [17, 9, -11.884893839080126], [7, 92, -12.469965951563623], [8, 26, -13.10548397066106], [30, 17, 15.475925044798657], [22, 39, -12.911464767927058], [32, 87, 15.695727503483702], [21, 51, 19.99901843491999], [28, 11, -9.711745020933943], [17, 51, 6.044910817663975], [31, 68, -9.008779780174429]]
最小値:96.20944515427325
入力値:[33, 52, -16.510825248767812]
経過時間:212.88518285751343sec
num_evaluation of BBF = 100.0
 input_history 
[[24, 3, -8.363810443482226], [0, 21, 15.717878173906186], [10, 41, -11.71028487447253], [38, 96, 7.792946109138789], [29, 39, -1.873107955114829], [26, 81, -5.843797124548287], [2, 2, 16.53205782889779], [1, 51, 18.945930677429573], [33, 29, -7.745574804205324], [7, 43, 1.7859607212737885], [15, 48, -7.74545870495281], [30, 49, -4.48114969777405], [14, 28, -14.291306831722359], [0, 64, 12.357168151662009], [37, 56, -3.451252682980627], [37, 46, -5.537409477496876], [1, 85, -3.739203344950056], [10, 91, -1.6925440270808814], [16, 32, 3.4501161787128574], [18, 75, -8.880899735055948], [31, 13, -11.783586215800499], [33, 52, -16.510825248767812], [2, 28, -5.50638147959512], [10, 54, -7.3486186940669675], [27, 21, -6.406053441727284], [39, 29, 0.8641736045912012], [9, 33, -7.909455525077757], [24, 55, -10.77663182579704], [10, 80, -18.958949230927487], [19, 16, -17.321223042686945], [39, 50, -12.040958948116867], [1, 18, 10.085601077460566], [23, 20, 18.084049721248327], [22, 92, 1.6407869343908459], [33, 43, -3.010801694772937], [28, 60, 2.851389862990228], [8, 20, -6.0029909775399215], [14, 76, 15.859866414658804], [9, 26, -8.663705180305072], [5, 84, 1.8153045166672968], [17, 9, -11.884893839080126], [7, 92, -12.469965951563623], [8, 26, -13.10548397066106], [30, 17, 15.475925044798657], [22, 39, -12.911464767927058], [32, 87, 15.695727503483702], [21, 51, 19.99901843491999], [28, 11, -9.711745020933943], [17, 51, 6.044910817663975], [31, 68, -9.008779780174429]]
最小値:96.20944515427325
入力値:[33, 52, -16.510825248767812]
経過時間:214.35389971733093sec
num_evaluation of BBF = 150.0
 input_history 
[[24, 3, -8.363810443482226], [0, 21, 15.717878173906186], [10, 41, -11.71028487447253], [38, 96, 7.792946109138789], [29, 39, -1.873107955114829], [26, 81, -5.843797124548287], [2, 2, 16.53205782889779], [1, 51, 18.945930677429573], [33, 29, -7.745574804205324], [7, 43, 1.7859607212737885], [15, 48, -7.74545870495281], [30, 49, -4.48114969777405], [14, 28, -14.291306831722359], [0, 64, 12.357168151662009], [37, 56, -3.451252682980627], [37, 46, -5.537409477496876], [1, 85, -3.739203344950056], [10, 91, -1.6925440270808814], [16, 32, 3.4501161787128574], [18, 75, -8.880899735055948], [31, 13, -11.783586215800499], [33, 52, -16.510825248767812], [2, 28, -5.50638147959512], [10, 54, -7.3486186940669675], [27, 21, -6.406053441727284], [39, 29, 0.8641736045912012], [9, 33, -7.909455525077757], [24, 55, -10.77663182579704], [10, 80, -18.958949230927487], [19, 16, -17.321223042686945], [39, 50, -12.040958948116867], [1, 18, 10.085601077460566], [23, 20, 18.084049721248327], [22, 92, 1.6407869343908459], [33, 43, -3.010801694772937], [28, 60, 2.851389862990228], [8, 20, -6.0029909775399215], [14, 76, 15.859866414658804], [9, 26, -8.663705180305072], [5, 84, 1.8153045166672968], [17, 9, -11.884893839080126], [7, 92, -12.469965951563623], [8, 26, -13.10548397066106], [30, 17, 15.475925044798657], [22, 39, -12.911464767927058], [32, 87, 15.695727503483702], [21, 51, 19.99901843491999], [28, 11, -9.711745020933943], [17, 51, 6.044910817663975], [31, 68, -9.008779780174429]]
最小値:96.20944515427325
入力値:[33, 52, -16.510825248767812]
経過時間:213.70857524871826sec
num_evaluation of BBF = 200.0
 input_history 
[[5, 1, 14.224837933425903], [8, 50, 3.902248208549466], [39, 94, 7.936809436375604], [36, 50, -19.793634057734888], [3, 0, -13.446310343812051], [21, 73, -19.6405560932978], [38, 56, -18.23359768274002], [30, 8, -19.23901023001155], [23, 32, 14.651571943267939], [33, 32, 4.029708855110773], [28, 3, 9.335206700422795], [15, 95, 14.812259059420697], [17, 81, -18.569672656588732], [12, 23, -12.771176207777785], [22, 67, -10.358455881534487]]
最小値:98.80917296414798
入力値:[36, 50, -19.793634057734888]
経過時間:63.50726103782654sec
num_evaluation of BBF = 15.0
 input_history 
[[5, 1, 14.224837933425903], [8, 50, 3.902248208549466], [39, 94, 7.936809436375604], [36, 50, -19.793634057734888], [3, 0, -13.446310343812051], [21, 73, -19.6405560932978], [38, 56, -18.23359768274002], [30, 8, -19.23901023001155], [23, 32, 14.651571943267939], [33, 32, 4.029708855110773], [28, 3, 9.335206700422795], [15, 95, 14.812259059420697], [17, 81, -18.569672656588732], [12, 23, -12.771176207777785], [22, 67, -10.358455881534487]]
最小値:98.80917296414798
入力値:[36, 50, -19.793634057734888]
経過時間:73.1072211265564sec
num_evaluation of BBF = 30.0